Date,Confirmed,Recovered,Active,Death
02-02-2020,1,0,1,0
16-02-2020,0,1,0,0
24-03-2020,1,0,1,0
04-04-2020,1,0,2,0
07-04-2020,0,1,1,0
08-04-2020,2,0,3,0
17-04-2020,0,1,2,0
20-04-2020,0,2,0,0
15-05-2020,2,0,2,0
18-05-2020,2,0,4,0
19-05-2020,1,0,5,0
20-05-2020,1,0,6,0
21-05-2020,2,0,8,0
23-05-2020,5,0,13,0
24-05-2020,4,0,17,0
25-05-2020,3,0,20,0
26-05-2020,3,1,22,0
27-05-2020,7,1,28,0
28-05-2020,1,0,29,0
29-05-2020,3,0,32,0
30-05-2020,2,0,33,1
31-05-2020,6,0,39,0
01-06-2020,2,0,41,0
02-06-2020,10,0,51,0
03-06-2020,7,1,57,0
04-06-2020,8,0,65,0
05-06-2020,5,4,66,0
06-06-2020,4,0,70,0
07-06-2020,7,3,74,0
08-06-2020,5,0,79,0
09-06-2020,11,2,88,0
10-06-2020,1,7,82,0
12-06-2020,13,0,95,0
13-06-2020,9,0,104,0
14-06-2020,0,2,102,0
15-06-2020,5,0,107,0
16-06-2020,7,5,109,0
17-06-2020,1,16,94,0
18-06-2020,9,10,93,0
19-06-2020,13,4,102,0
20-06-2020,4,12,94,0
21-06-2020,10,10,94,0
22-06-2020,12,1,105,0
23-06-2020,19,0,124,0
24-06-2020,15,13,126,0
25-06-2020,18,3,141,0
26-06-2020,21,0,162,0
27-06-2020,13,6,169,0
28-06-2020,10,5,174,0
29-06-2020,5,9,170,0
30-06-2020,9,0,179,0
01-07-2020,8,9,178,0
02-07-2020,16,8,186,0
03-07-2020,21,2,205,0
04-07-2020,20,36,189,0
05-07-2020,13,2,200,0
06-07-2020,15,7,208,0
07-07-2020,18,4,221,0
08-07-2020,18,16,223,0
09-07-2020,22,8,237,0
10-07-2020,50,24,263,0
11-07-2020,87,11,339,0
12-07-2020,57,2,393,1
13-07-2020,119,7,505,0
14-07-2020,34,17,521,1
15-07-2020,20,0,541,0
16-07-2020,20,13,548,0
17-07-2020,57,7,598,0
18-07-2020,42,36,604,0
19-07-2020,52,34,622,0
20-07-2020,53,10,665,0
21-07-2020,46,72,639,0
22-07-2020,120,19,740,0
23-07-2020,82,39,783,0
24-07-2020,44,49,777,1
25-07-2020,102,70,809,0
26-07-2020,46,50,805,0
27-07-2020,30,150,685,0
28-07-2020,84,80,688,1
29-07-2020,38,35,688,0
30-07-2020,55,20,721,0
31-07-2020,35,25,731,0
01-08-2020,67,100,698,0
02-08-2020,38,15,721,0
03-08-2020,101,50,771,1
04-08-2020,126,55,842,0
05-08-2020,108,60,890,0
06-08-2020,99,30,959,0
07-08-2020,61,70,949,1
08-08-2020,169,100,1017,1
09-08-2020,110,35,1092,0
10-08-2020,30,25,1097,0
11-08-2020,146,70,1173,0
12-08-2020,118,60,1231,0
13-08-2020,72,70,1233,0
14-08-2020,113,66,1280,0
15-08-2020,118,80,1318,0
16-08-2020,86,30,1374,0
17-08-2020,139,111,1401,2
18-08-2020,126,65,1462,0
19-08-2020,253,65,1650,0
20-08-2020,198,75,1773,0
21-08-2020,155,67,1860,1
22-08-2020,87,125,1822,0
23-08-2020,241,53,2009,1
24-08-2020,60,150,1919,0
25-08-2020,170,60,2027,2
26-08-2020,193,95,2125,0
27-08-2020,172,130,2166,1
28-08-2020,286,150,2302,0
29-08-2020,175,236,2241,0
30-08-2020,92,258,2075,0
31-08-2020,137,75,2137,0
01-09-2020,32,302,1867,0
02-09-2020,159,288,1738,0
03-09-2020,87,212,1613,0
04-09-2020,106,438,1281,0
05-09-2020,131,32,1380,0
06-09-2020,221,36,1564,1
07-09-2020,78,132,1510,0
08-09-2020,217,147,1580,0
09-09-2020,240,83,1737,0
10-09-2020,267,87,1916,1
11-09-2020,200,199,1915,2
12-09-2020,163,146,1932,0
13-09-2020,252,46,2138,0
14-09-2020,107,198,2047,0
15-09-2020,338,234,2151,0
16-09-2020,323,120,2354,0
17-09-2020,367,196,2525,0
18-09-2020,274,146,2653,0
19-09-2020,348,224,2777,0
20-09-2020,219,202,2794,0
21-09-2020,112,234,2672,0
22-09-2020,403,231,2844,0
23-09-2020,501,167,3178,0
24-09-2020,453,183,3440,7
25-09-2020,551,218,3768,4
26-09-2020,414,335,3843,4
27-09-2020,476,306,4012,1
28-09-2020,249,349,3910,2
29-09-2020,524,273,4161,0
30-09-2020,679,302,4535,3
01-10-2020,804,191,5147,1
02-10-2020,605,342,5406,3
03-10-2020,633,486,5553,0
04-10-2020,544,608,5485,4
05-10-2020,199,387,5293,4
06-10-2020,424,302,5414,1
07-10-2020,672,393,5692,1
08-10-2020,317,457,5552,0
09-10-2020,793,348,5995,2
10-10-2020,843,526,6312,0
11-10-2020,619,729,6198,4
12-10-2020,618,594,6220,2
13-10-2020,488,534,6170,4
14-10-2020,456,574,6049,2
15-10-2020,521,465,6104,0
16-10-2020,563,181,6486,0
17-10-2020,629,529,6583,2
18-10-2020,385,368,6598,1
19-10-2020,340,338,6600,0
20-10-2020,592,286,6903,2
21-10-2020,820,769,6952,1
22-10-2020,837,769,7019,1
23-10-2020,716,192,7536,7
24-10-2020,706,472,7769,1
25-10-2020,542,869,7437,5
26-10-2020,332,497,7270,2
27-10-2020,647,532,7385,0
28-10-2020,790,366,7807,2
29-10-2020,788,368,8224,3
30-10-2020,664,722,8165,1
31-10-2020,645,571,8237,2
01-11-2020,616,778,8072,3
02-11-2020,498,793,7772,3
03-11-2020,760,656,7875,1
04-11-2020,765,672,7968,0
05-11-2020,660,521,8104,3
06-11-2020,643,321,8426,0
07-11-2020,696,549,8569,4
08-11-2020,479,471,8574,3
09-11-2020,353,792,8131,4
10-11-2020,641,559,8213,0
11-11-2020,521,716,8017,1
12-11-2020,568,371,8211,3
13-11-2020,468,415,8262,2
14-11-2020,542,648,8154,2
15-11-2020,496,623,8027,0
16-11-2020,226,658,7594,0
17-11-2020,364,397,7560,1
18-11-2020,637,368,7825,3
19-11-2020,527,626,7725,1
20-11-2020,395,824,7293,3
21-11-2020,383,919,6752,5
22-11-2020,433,383,6797,5
23-11-2020,259,252,6803,1
24-11-2020,390,254,6932,7
25-11-2020,546,899,6577,2
26-11-2020,347,852,6068,4
27-11-2020,236,251,6050,3
28-11-2020,309,231,6122,6
29-11-2020,381,896,5603,4
30-11-2020,275,765,5111,2
01-12-2020,279,542,4847,1
02-12-2020,437,922,4360,2
03-12-2020,408,537,4225,6
04-12-2020,394,548,4071,0
05-12-2020,365,551,3885,0
06-12-2020,272,468,3685,4
07-12-2020,287,312,3657,3
08-12-2020,241,361,3535,2
09-12-2020,194,363,3363,3
10-12-2020,289,208,3444,0
11-12-2020,396,249,3590,1
12-12-2020,437,425,3601,1
13-12-2020,218,425,3391,2
14-12-2020,220,302,3309,0
15-12-2020,322,233,3396,2
16-12-2020,441,366,3466,4
17-12-2020,330,484,3308,4
18-12-2020,324,211,3420,1
19-12-2020,465,262,3617,6
20-12-2020,254,433,3434,3
21-12-2020,242,202,3472,2
22-12-2020,329,212,3586,3
23-12-2020,431,270,3744,3
24-12-2020,272,202,3813,1
25-12-2020,357,224,3946,0
26-12-2020,259,356,3847,2
27-12-2020,231,208,3868,2
28-12-2020,188,203,3853,0
29-12-2020,352,237,3968,0
30-12-2020,463,479,3948,4
31-12-2020,425,516,3856,1
01-01-2021,364,393,3826,1
02-01-2021,382,346,3860,2
03-01-2021,270,223,3906,1
04-01-2021,230,240,3894,2
05-01-2021,391,304,3981,0
06-01-2021,446,379,4046,2
07-01-2021,432,485,3991,2
08-01-2021,341,366,3966,0
09-01-2021,318,302,3978,4
10-01-2021,265,218,4021,4
11-01-2021,186,441,3765,1
12-01-2021,349,175,3935,4
13-01-2021,432,487,3878,2
14-01-2021,347,485,3736,4
15-01-2021,353,234,3853,2
16-01-2021,355,442,3763,3
17-01-2021,302,512,3551,2
18-01-2021,179,559,3167,4
19-01-2021,475,203,3439,0
20-01-2021,422,264,3594,3
21-01-2021,415,398,3609,2
22-01-2021,409,387,3630,1
23-01-2021,474,390,3713,1
24-01-2021,284,395,3600,2
25-01-2021,271,487,3381,3
26-01-2021,481,226,3635,1
27-01-2021,360,299,3689,5
28-01-2021,432,391,3728,2
29-01-2021,421,244,3905,0
30-01-2021,526,394,4036,1
31-01-2021,371,471,3934,2
01-02-2021,256,493,3694,3
02-02-2021,313,249,3758,0
03-02-2021,395,359,3791,3
04-02-2021,559,312,4037,1
05-02-2021,310,594,3751,2
06-02-2021,410,366,3795,0
07-02-2021,368,257,3904,2
08-02-2021,317,467,3752,2
09-02-2021,338,279,3809,2
10-02-2021,411,394,3826,0
11-02-2021,342,423,3738,6
12-02-2021,472,356,3850,4
13-02-2021,506,392,3964,0
14-02-2021,349,413,3896,4
15-02-2021,254,353,3796,1
16-02-2021,381,214,3961,2
17-02-2021,339,330,3968,2
18-02-2021,251,429,3790,0
19-02-2021,440,305,3921,4
20-02-2021,382,361,3940,2
21-02-2021,290,375,3854,1
22-02-2021,266,531,3588,1
23-02-2021,275,381,3479,3
24-02-2021,246,374,3351,0
25-02-2021,275,534,3089,3
26-02-2021,272,263,3097,1
27-02-2021,308,578,2826,1
28-02-2021,247,390,2679,4
01-03-2021,137,417,2396,2
02-03-2021,161,112,2444,1
03-03-2021,210,112,2539,3
04-03-2021,223,226,2532,4
05-03-2021,207,307,2429,3
06-03-2021,206,283,2350,1
07-03-2021,152,283,2217,2
08-03-2021,79,217,2077,2
09-03-2021,98,219,1953,3
10-03-2021,171,139,1984,1
11-03-2021,168,317,1831,4
12-03-2021,97,253,1674,1
13-03-2021,133,198,1608,1
14-03-2021,112,213,1506,1
15-03-2021,70,272,1303,1
16-03-2021,103,159,1246,1
17-03-2021,91,145,1191,1
18-03-2021,121,116,1196,0
19-03-2021,131,108,1218,1
20-03-2021,105,242,1080,1
21-03-2021,108,161,1026,1
22-03-2021,103,126,1001,2
23-03-2021,117,122,996,0
24-03-2021,94,127,963,0
25-03-2021,110,111,961,1
26-03-2021,117,95,981,2
27-03-2021,62,175,865,3
28-03-2021,93,45,913,0
29-03-2021,48,99,862,0
30-03-2021,83,70,872,3
31-03-2021,89,123,835,3
01-04-2021,98,193,740,0
02-04-2021,75,141,671,3
03-04-2021,81,79,672,1
04-04-2021,99,72,699,0
05-04-2021,110,132,676,1
06-04-2021,165,117,721,3
07-04-2021,157,139,738,1
08-04-2021,241,119,858,2
09-04-2021,235,105,986,2
10-04-2021,392,129,1248,1
11-04-2021,339,190,1396,1
12-04-2021,340,196,1540,0
13-04-2021,456,81,1913,2
14-04-2021,481,115,2278,1
15-04-2021,345,177,2444,2
16-04-2021,745,41,3148,0
17-04-2021,908,294,3760,2
18-04-2021,800,387,4172,1
19-04-2021,704,380,4492,4
20-04-2021,1347,215,5623,1
21-04-2021,1172,487,6307,1
22-04-2021,1157,494,6969,1
23-04-2021,1239,127,8075,6
24-04-2021,1750,583,9241,1
25-04-2021,1302,675,9864,4
26-04-2021,1183,688,10355,4
27-04-2021,1770,136,11980,6
28-04-2021,2235,697,13514,3
29-04-2021,2043,1853,13704,0
30-04-2021,2224,933,14994,0
01-05-2021,2536,326,17204,0
02-05-2021,2442,970,18676,0
03-05-2021,1994,746,19924,0
04-05-2021,2719,2261,20382,0
05-05-2021,2951,1456,21877,0
06-05-2021,3040,1923,22994,0
07-05-2021,2160,1745,23409,0
08-05-2021,2433,772,25068,2
09-05-2021,2088,2147,25007,2
10-05-2021,1908,2071,24841,3
11-05-2021,2460,1708,25592,1
12-05-2021,2601,2518,25671,4
13-05-2021,2709,2996,25384,0
14-05-2021,2149,3054,24479,0
15-05-2021,1996,1509,24966,0
16-05-2021,1761,2050,24666,10
17-05-2021,1679,6947,19397,1
18-05-2021,2353,1020,20729,1
19-05-2021,2034,2585,20162,15
20-05-2021,2462,2214,20406,4
21-05-2021,2072,2104,20373,1
22-05-2021,2178,2619,19927,5
23-05-2021,1727,386,21266,2
24-05-2021,1272,474,22061,3
25-05-2021,2482,2015,22528,0
26-05-2021,2184,4391,20296,24
27-05-2021,1591,2794,19025,65
28-05-2021,1640,1830,18772,62
29-05-2021,1984,1780,18961,15
30-05-2021,1530,2333,18136,22
31-05-2021,1016,2094,17056,2
01-06-2021,1557,2014,16594,5
02-06-2021,1758,2040,16291,21
03-06-2021,1337,2194,15417,17
04-06-2021,1198,1808,14772,35
05-06-2021,1212,949,15031,4
06-06-2021,925,2041,13909,6
07-06-2021,803,1535,13167,10
08-06-2021,1197,1521,12829,14
09-06-2021,1280,1305,12786,18
10-06-2021,848,1540,12082,12
11-06-2021,845,1448,11463,16
12-06-2021,916,1468,10903,7
13-06-2021,660,1123,10434,6
14-06-2021,524,1141,9815,2
15-06-2021,887,1054,9617,31
16-06-2021,859,1284,9181,11
17-06-2021,954,1079,9056,0
18-06-2021,895,1183,8754,14
19-06-2021,796,1376,8165,9
20-06-2021,638,844,7950,9
21-06-2021,451,1005,7395,1
22-06-2021,740,1043,7074,18
23-06-2021,815,814,7066,9
24-06-2021,766,820,7011,1
25-06-2021,660,778,6888,5
26-06-2021,770,672,6976,10
27-06-2021,657,783,6845,5
28-06-2021,451,711,6585,0
29-06-2021,772,705,6652,0
30-06-2021,833,787,6691,7
01-07-2021,832,917,6597,9
02-07-2021,720,766,6551,0
03-07-2021,743,759,6531,4
04-07-2021,683,685,6529,0
05-07-2021,545,607,6465,2
06-07-2021,793,682,6571,5
07-07-2021,863,899,6518,17
08-07-2021,660,603,6571,4
09-07-2021,706,511,6765,1
10-07-2021,853,717,6900,1
11-07-2021,587,898,6559,30
12-07-2021,602,669,6486,6
13-07-2021,871,668,6686,3
14-07-2021,930,825,6791,0
15-07-2021,791,611,6968,3
16-07-2021,750,632,7086,0
17-07-2021,866,639,7312,1
18-07-2021,786,450,7648,0
19-07-2021,613,605,7656,0
20-07-2021,905,604,7957,0
21-07-2021,969,535,8391,0
22-07-2021,718,1287,7816,6
23-07-2021,901,1124,7591,1
24-07-2021,986,1914,6661,2
25-07-2021,914,660,6914,1
26-07-2021,645,635,6919,5
27-07-2021,1064,603,7378,2
28-07-2021,1461,624,8212,3
29-07-2021,991,768,8433,2
30-07-2021,1214,983,8662,2
31-07-2021,1120,1278,8503,1
01-08-2021,1046,1192,8357,0
02-08-2021,659,1006,8007,3
03-08-2021,1261,730,8535,3
04-08-2021,875,721,8688,1
05-08-2021,1240,944,8984,0
06-08-2021,1167,1294,8852,5
07-08-2021,1090,1456,8484,2
08-08-2021,941,1150,8273,2
09-08-2021,771,1066,7971,7
10-08-2021,1230,1291,7903,7
11-08-2021,1440,1073,8265,5
12-08-2021,1238,742,8754,7
13-08-2021,998,1165,8571,16
14-08-2021,1150,1275,8441,5
15-08-2021,941,1199,8181,2
16-08-2021,748,1284,7643,2
17-08-2021,1177,822,7989,9
18-08-2021,1005,1177,7809,8
19-08-2021,1319,821,8304,3
20-08-2021,1135,1346,8091,2
21-08-2021,870,1471,7490,0
22-08-2021,644,1170,6962,2
23-08-2021,781,1044,6698,1
24-08-2021,1107,1224,6576,5
25-08-2021,1874,1094,7353,3
26-08-2021,1741,855,8232,7
27-08-2021,2188,1230,9189,1
28-08-2021,1943,1244,9884,4
29-08-2021,1498,1674,9708,0
30-08-2021,1486,1246,9940,8
31-08-2021,1833,1049,10718,6
01-09-2021,1975,811,11882,0
02-09-2021,1709,914,12651,26
03-09-2021,2086,912,13825,0
04-09-2021,1898,1517,14206,0
05-09-2021,1655,1694,14167,0
06-09-2021,1444,1836,13772,3
07-09-2021,1435,1909,13298,0
08-09-2021,1645,1966,12977,0
09-09-2021,1604,1845,12736,0
10-09-2021,1645,2035,12316,30
11-09-2021,1380,1738,11958,0
12-09-2021,1197,1853,11302,0
13-09-2021,1118,1747,10664,9
14-09-2021,1118,1998,9784,0
15-09-2021,969,1520,9213,20
16-09-2021,1442,1425,9207,23
17-09-2021,1719,1404,9519,3
18-09-2021,933,1720,8725,7
19-09-2021,1270,1414,8581,0
20-09-2021,1077,1507,8145,6
21-09-2021,1250,1104,8286,5
22-09-2021,1256,1270,8267,5
23-09-2021,1254,1293,8225,3
24-09-2021,1164,1303,8082,4
25-09-2021,949,1145,7885,1
26-09-2021,985,1360,7505,5
27-09-2021,766,1285,6983,3
28-09-2021,847,1031,6773,26
29-09-2021,647,1077,6337,6
30-09-2021,1120,1010,6441,6
01-10-2021,811,1452,5796,4
02-10-2021,625,1034,5383,4
03-10-2021,700,1033,5023,27
04-10-2021,525,974,4539,35
05-10-2021,519,868,4162,28
06-10-2021,569,944,3767,20
07-10-2021,746,791,3718,4
08-10-2021,627,716,3629,0
09-10-2021,432,725,3328,8
10-10-2021,466,714,3074,6
11-10-2021,336,623,2782,5
12-10-2021,425,370,2825,12
13-10-2021,506,514,2812,5
14-10-2021,513,616,2709,0
15-10-2021,543,572,2674,6
16-10-2021,390,552,2512,0
17-10-2021,303,546,2265,4
18-10-2021,316,404,2177,0
19-10-2021,302,443,2036,0
20-10-2021,625,660,1994,7
21-10-2021,369,635,1721,7
22-10-2021,390,401,1707,3
23-10-2021,388,554,1529,12
24-10-2021,333,395,1462,5
25-10-2021,217,360,1280,39
26-10-2021,318,303,1275,20
27-10-2021,340,371,1221,23
28-10-2021,241,375,1030,57
29-10-2021,364,288,1053,53
30-10-2021,285,374,929,35
31-10-2021,270,455,743,1
01-11-2021,132,390,453,32
02-11-2021,228,393,286,2
03-11-2021,315,314,284,3
04-11-2021,241,268,254,3
05-11-2021,333,214,343,30
06-11-2021,142,307,149,29
07-11-2021,303,236,216,0
08-11-2021,198,124,278,12
09-11-2021,225,281,206,16
10-11-2021,326,254,265,13
11-11-2021,250,322,159,34
12-11-2021,233,161,201,30
13-11-2021,250,217,216,18
14-11-2021,218,222,199,13
15-11-2021,172,338,16,17
16-11-2021,180,200,-20,16
17-11-2021,267,201,25,21
18-11-2021,185,318,-116,8
19-11-2021,181,169,-167,63
20-11-2021,213,239,-231,38
21-11-2021,143,278,-366,0
22-11-2021,151,176,-471,80
23-11-2021,169,229,-558,27
24-11-2021,137,277,-745,47
25-11-2021,215,277,-836,29
26-11-2021,144,136,-845,17
27-11-2021,152,184,-908,31
28-11-2021,131,151,-956,28
29-11-2021,114,306,-1172,24
30-11-2021,150,243,-1286,21
01-12-2021,162,155,-1290,11
02-12-2021,215,166,-1249,8
03-12-2021,195,151,-1228,23
04-12-2021,160,255,-1356,33
05-12-2021,147,137,-1360,14
06-12-2021,123,174,-1455,44
07-12-2021,165,125,-1416,1
08-12-2021,200,188,-1404,0
09-12-2021,141,147,-1424,14
