Date,Confirmed,Recovered,Active,Death
27-03-2020,1,0,1,0
28-03-2020,1,0,2,0
31-03-2020,1,0,3,0
02-04-2020,2,0,5,0
04-04-2020,1,0,6,0
06-04-2020,1,1,6,0
07-04-2020,1,0,7,0
08-04-2020,0,1,6,0
09-04-2020,1,0,7,0
14-04-2020,0,1,6,0
15-04-2020,0,1,5,0
21-04-2020,1,0,6,0
23-04-2020,1,0,7,0
24-04-2020,0,1,6,0
25-04-2020,3,0,9,0
29-04-2020,6,0,15,0
30-04-2020,0,3,12,0
04-05-2020,0,9,3,0
13-05-2020,0,1,2,0
14-05-2020,0,2,0,0
15-05-2020,1,0,1,0
17-05-2020,1,0,2,0
18-05-2020,5,0,7,0
21-05-2020,2,0,9,0
22-05-2020,1,0,10,0
23-05-2020,3,1,12,0
24-05-2020,3,0,15,0
25-05-2020,2,2,15,0
26-05-2020,4,0,19,0
27-05-2020,4,0,23,0
28-05-2020,1,0,24,0
29-05-2020,2,0,26,0
30-05-2020,4,0,30,0
31-05-2020,6,0,36,0
01-06-2020,5,0,41,0
02-06-2020,8,0,49,0
03-06-2020,5,2,52,0
04-06-2020,11,0,62,1
05-06-2020,2,0,64,0
06-06-2020,19,2,81,0
07-06-2020,9,3,87,0
08-06-2020,5,0,92,0
09-06-2020,5,3,94,0
10-06-2020,4,4,94,0
11-06-2020,8,2,100,0
12-06-2020,4,7,97,0
14-06-2020,1,0,98,0
15-06-2020,4,11,91,0
16-06-2020,4,1,94,0
17-06-2020,14,4,104,0
18-06-2020,13,8,109,0
19-06-2020,17,14,112,0
20-06-2020,24,2,134,0
21-06-2020,13,0,147,0
22-06-2020,13,0,160,0
23-06-2020,4,4,159,1
24-06-2020,18,1,176,0
25-06-2020,13,0,189,0
26-06-2020,16,10,195,0
27-06-2020,12,15,192,0
28-06-2020,10,0,202,0
29-06-2020,11,19,194,0
30-06-2020,12,0,206,0
01-07-2020,3,21,188,0
02-07-2020,9,0,197,0
03-07-2020,23,0,220,0
04-07-2020,16,41,195,0
05-07-2020,10,31,174,0
06-07-2020,11,10,175,0
07-07-2020,11,6,180,0
08-07-2020,8,23,165,0
09-07-2020,10,9,166,0
10-07-2020,28,0,194,0
11-07-2020,18,26,186,0
12-07-2020,5,0,191,0
13-07-2020,33,10,213,1
14-07-2020,23,4,232,0
15-07-2020,11,9,234,0
16-07-2020,42,17,259,0
17-07-2020,47,8,298,0
18-07-2020,53,1,350,0
19-07-2020,75,4,421,0
20-07-2020,79,1,499,0
21-07-2020,85,11,573,0
22-07-2020,133,13,692,0
23-07-2020,106,31,766,1
24-07-2020,133,54,845,0
25-07-2020,80,50,875,0
26-07-2020,74,70,879,0
27-07-2020,22,57,844,0
28-07-2020,95,70,869,0
29-07-2020,84,146,807,0
30-07-2020,22,83,746,0
31-07-2020,53,94,704,1
01-08-2020,35,53,685,1
02-08-2020,69,168,586,0
03-08-2020,57,40,603,0
04-08-2020,30,36,597,0
05-08-2020,30,49,577,1
06-08-2020,31,49,559,0
07-08-2020,36,32,563,0
08-08-2020,41,91,512,1
09-08-2020,106,43,575,0
10-08-2020,41,37,578,1
11-08-2020,25,32,571,0
12-08-2020,5,27,549,0
13-08-2020,74,73,550,0
14-08-2020,75,26,599,0
15-08-2020,91,42,646,1
16-08-2020,81,55,671,1
17-08-2020,48,89,630,0
18-08-2020,88,54,663,0
19-08-2020,77,41,698,1
20-08-2020,86,30,754,0
21-08-2020,82,54,782,0
22-08-2020,77,65,794,0
23-08-2020,133,22,904,1
24-08-2020,112,53,961,2
25-08-2020,87,57,989,2
26-08-2020,133,58,1064,0
27-08-2020,176,59,1181,0
28-08-2020,156,93,1244,0
29-08-2020,234,104,1373,1
30-08-2020,151,53,1470,1
31-08-2020,131,108,1492,1
01-09-2020,25,67,1450,0
02-09-2020,81,85,1446,0
03-09-2020,65,81,1430,0
04-09-2020,248,114,1563,1
05-09-2020,170,134,1595,4
06-09-2020,328,204,1718,1
07-09-2020,71,131,1658,0
08-09-2020,209,191,1676,0
09-09-2020,362,323,1715,0
10-09-2020,244,103,1856,0
11-09-2020,303,22,2137,0
12-09-2020,265,131,2271,0
13-09-2020,205,140,2334,2
14-09-2020,142,165,2308,3
15-09-2020,234,151,2391,0
16-09-2020,300,26,2664,1
17-09-2020,218,325,2554,3
18-09-2020,355,345,2563,1
19-09-2020,436,243,2753,3
20-09-2020,330,151,2931,1
21-09-2020,195,243,2883,0
22-09-2020,347,215,3013,2
23-09-2020,503,152,3361,3
24-09-2020,440,195,3606,0
25-09-2020,569,207,3966,2
26-09-2020,589,188,4367,0
27-09-2020,690,269,4787,1
28-09-2020,341,182,4946,0
29-09-2020,583,262,5264,3
30-09-2020,812,295,5781,0
01-10-2020,633,213,6198,3
02-10-2020,892,295,6788,6
03-10-2020,534,284,7038,0
04-10-2020,866,400,7503,1
05-10-2020,458,283,7677,1
06-10-2020,845,485,8032,5
07-10-2020,852,346,8537,1
08-10-2020,497,259,8772,3
09-10-2020,714,1384,8098,4
10-10-2020,1107,1022,8181,2
11-10-2020,712,1421,7469,3
12-10-2020,343,426,7385,1
13-10-2020,907,410,7881,0
14-10-2020,551,625,7806,1
15-10-2020,551,794,7562,1
16-10-2020,418,767,7213,0
17-10-2020,656,718,7148,3
18-10-2020,540,640,7048,0
19-10-2020,378,627,6797,2
20-10-2020,569,746,6620,0
21-10-2020,742,711,6646,5
22-10-2020,481,750,6375,2
23-10-2020,671,540,6504,2
24-10-2020,737,738,6500,3
25-10-2020,527,529,6497,1
26-10-2020,316,722,6091,0
27-10-2020,329,534,5883,3
28-10-2020,935,459,6358,1
29-10-2020,482,451,6389,0
30-10-2020,482,636,6232,2
31-10-2020,741,510,6462,1
01-11-2020,711,838,6330,5
02-11-2020,350,553,6123,4
03-11-2020,583,721,5984,1
04-11-2020,937,769,6151,1
05-11-2020,523,593,6078,2
06-11-2020,671,578,6170,1
07-11-2020,574,562,6180,2
08-11-2020,488,578,6089,1
09-11-2020,236,454,5868,3
10-11-2020,431,485,5811,3
11-11-2020,679,779,5708,3
12-11-2020,399,578,5527,2
13-11-2020,489,613,5400,3
14-11-2020,530,693,5235,2
15-11-2020,341,591,4985,0
16-11-2020,191,654,4520,2
17-11-2020,682,622,4578,2
18-11-2020,693,577,4692,2
19-11-2020,338,596,4434,0
20-11-2020,509,664,4275,4
21-11-2020,464,681,4057,1
22-11-2020,314,526,3842,3
23-11-2020,198,572,3467,1
24-11-2020,462,97,3830,2
25-11-2020,539,175,4190,4
26-11-2020,397,481,4104,1
27-11-2020,229,378,3955,0
28-11-2020,458,298,4115,0
29-11-2020,426,152,4389,0
30-11-2020,238,633,3994,0
01-12-2020,349,543,3796,4
02-12-2020,366,390,3771,1
03-12-2020,285,332,3717,7
04-12-2020,318,662,3367,5
05-12-2020,405,410,3360,1
06-12-2020,380,336,3402,2
07-12-2020,292,329,3363,2
08-12-2020,317,269,3410,1
09-12-2020,212,281,3337,3
10-12-2020,305,280,3361,1
11-12-2020,482,554,3287,2
12-12-2020,354,447,3192,2
13-12-2020,269,347,3113,0
14-12-2020,160,306,2967,0
15-12-2020,419,863,2518,5
16-12-2020,507,375,2648,2
17-12-2020,346,418,2573,3
18-12-2020,441,283,2731,0
19-12-2020,409,309,2829,1
20-12-2020,484,298,3015,0
21-12-2020,234,333,2914,2
22-12-2020,498,279,3131,2
23-12-2020,499,186,3441,3
24-12-2020,555,215,3780,1
25-12-2020,494,218,4054,0
26-12-2020,361,192,4221,2
27-12-2020,501,185,4537,0
28-12-2020,174,311,4400,0
29-12-2020,437,348,4488,1
30-12-2020,602,389,4699,2
31-12-2020,402,342,4758,1
01-01-2021,417,363,4810,2
02-01-2021,384,361,4832,1
03-01-2021,327,423,4736,0
04-01-2021,183,273,4644,2
05-01-2021,435,283,4793,3
06-01-2021,548,285,5055,1
07-01-2021,293,270,5075,3
08-01-2021,377,323,5128,1
09-01-2021,477,684,4920,1
10-01-2021,354,229,5044,1
11-01-2021,236,299,4980,1
12-01-2021,447,277,5145,4
13-01-2021,528,230,5442,0
14-01-2021,463,263,5639,3
15-01-2021,468,237,5868,2
16-01-2021,445,173,6140,0
17-01-2021,439,176,6400,3
18-01-2021,322,267,6453,2
19-01-2021,591,276,6763,4
20-01-2021,639,2303,5099,0
21-01-2021,628,1023,4702,2
22-01-2021,573,290,4984,0
23-01-2021,684,195,5473,0
24-01-2021,543,138,5878,0
25-01-2021,399,1814,4462,0
26-01-2021,597,333,4724,2
27-01-2021,483,195,5011,1
28-01-2021,685,547,5146,3
29-01-2021,674,461,5359,0
30-01-2021,688,430,5615,2
31-01-2021,484,306,5793,0
01-02-2021,253,332,5713,1
02-02-2021,587,321,5977,1
03-02-2021,690,1308,5358,1
04-02-2021,651,347,5660,2
05-02-2021,391,781,5267,3
06-02-2021,525,325,5465,2
07-02-2021,824,552,5736,1
08-02-2021,333,891,5175,3
09-02-2021,586,317,5443,1
10-02-2021,689,738,5392,2
11-02-2021,579,306,5664,1
12-02-2021,506,306,5862,2
13-02-2021,460,700,5621,1
14-02-2021,347,253,5714,1
15-02-2021,192,801,5102,3
16-02-2021,547,331,5314,4
17-02-2021,552,356,5510,0
18-02-2021,366,389,5487,0
19-02-2021,416,427,5476,0
20-02-2021,444,780,5140,0
21-02-2021,334,254,5218,2
22-02-2021,154,331,5039,2
23-02-2021,408,342,5105,0
24-02-2021,447,902,4647,3
25-02-2021,311,234,4723,1
26-02-2021,378,518,4578,4
27-02-2021,411,279,4710,0
28-02-2021,315,293,4730,2
01-03-2021,128,244,4614,0
02-03-2021,271,214,4670,1
03-03-2021,236,561,4343,2
04-03-2021,258,262,4339,0
05-03-2021,232,156,4413,1
06-03-2021,299,249,4460,3
07-03-2021,167,344,4282,1
08-03-2021,141,467,3953,3
09-03-2021,213,1065,3099,2
10-03-2021,201,250,3048,2
11-03-2021,152,543,2657,0
12-03-2021,153,663,2145,2
13-03-2021,224,361,2007,1
14-03-2021,188,751,1443,1
15-03-2021,116,667,892,0
16-03-2021,163,33,1021,1
17-03-2021,230,515,735,1
18-03-2021,188,98,825,0
19-03-2021,176,125,875,1
20-03-2021,169,140,904,0
21-03-2021,158,292,769,1
22-03-2021,112,170,710,1
23-03-2021,175,118,767,0
24-03-2021,153,271,647,2
25-03-2021,147,135,656,3
26-03-2021,173,155,673,1
27-03-2021,164,214,622,1
28-03-2021,127,148,600,1
29-03-2021,92,114,578,0
30-03-2021,171,127,621,1
31-03-2021,147,159,608,1
01-04-2021,216,145,679,0
02-04-2021,158,201,635,1
03-04-2021,215,142,706,2
04-04-2021,148,210,644,0
05-04-2021,142,127,656,3
06-04-2021,173,129,698,2
07-04-2021,247,117,825,3
08-04-2021,279,206,897,1
09-04-2021,260,308,845,4
10-04-2021,311,232,924,0
11-04-2021,304,208,1019,0
12-04-2021,282,167,1134,0
13-04-2021,448,583,997,2
14-04-2021,440,173,1262,2
15-04-2021,399,103,1555,3
16-04-2021,454,80,1929,0
17-04-2021,472,317,2084,0
18-04-2021,802,256,2628,2
19-04-2021,455,438,2645,0
20-04-2021,848,67,3424,2
21-04-2021,943,450,3917,0
22-04-2021,988,416,4489,0
23-04-2021,1080,158,5410,1
24-04-2021,1255,406,6258,1
25-04-2021,1209,674,6791,2
26-04-2021,741,295,7234,3
27-04-2021,1591,4499,4323,3
28-04-2021,1422,1741,4001,3
29-04-2021,2058,1384,4672,3
30-04-2021,1969,2124,4515,2
01-05-2021,1648,925,5233,5
02-05-2021,1597,1052,5776,2
03-05-2021,1311,1047,6039,1
04-05-2021,2429,1557,6910,1
05-05-2021,2946,2745,7099,11
06-05-2021,2513,2035,7577,0
07-05-2021,2422,1405,8594,0
08-05-2021,2838,1412,10010,10
09-05-2021,2390,2687,9710,3
10-05-2021,2039,2280,9465,4
11-05-2021,2888,1927,10421,5
12-05-2021,3350,2815,10956,0
13-05-2021,3731,3359,11327,1
14-05-2021,2992,2634,11684,1
15-05-2021,2332,1765,12251,0
16-05-2021,2416,1626,13041,0
17-05-2021,1946,3899,11086,2
18-05-2021,3323,1818,12591,0
19-05-2021,3029,5415,10191,14
20-05-2021,2639,2017,10804,9
21-05-2021,2745,5524,8022,3
22-05-2021,2423,2120,8310,15
23-05-2021,2093,2705,7697,1
24-05-2021,1494,2728,6463,0
25-05-2021,2867,1801,7528,1
26-05-2021,2886,3443,6967,4
27-05-2021,2111,2034,7035,9
28-05-2021,2368,2056,7346,1
29-05-2021,2177,1657,7863,3
30-05-2021,1841,2579,7125,0
31-05-2021,1200,2437,5879,9
01-06-2021,2149,432,7569,25
02-06-2021,1906,4139,5332,4
03-06-2021,2272,1413,6186,5
04-06-2021,1717,2378,5517,8
05-06-2021,1787,1029,6233,40
06-06-2021,1648,1317,6560,4
07-06-2021,862,1603,5817,2
08-06-2021,1718,1473,6059,3
09-06-2021,1852,2505,5398,8
10-06-2021,1605,1858,5127,18
11-06-2021,1552,1393,5275,11
12-06-2021,1592,1666,5191,10
13-06-2021,1312,1878,4597,28
14-06-2021,791,1976,3410,2
15-06-2021,1597,598,4391,18
16-06-2021,1342,1882,3847,4
17-06-2021,1412,837,4413,9
18-06-2021,1422,1318,4503,12
19-06-2021,1132,1398,4222,15
20-06-2021,1219,805,4616,19
21-06-2021,810,1332,4085,7
22-06-2021,1525,1032,4560,18
23-06-2021,1230,2168,3607,15
24-06-2021,1325,470,4443,18
25-06-2021,1200,1819,3806,18
26-06-2021,1132,1108,3811,18
27-06-2021,1115,1013,3913,0
28-06-2021,833,1306,3424,15
29-06-2021,1513,732,4194,11
30-06-2021,1245,1672,3745,22
01-07-2021,1186,505,4414,11
02-07-2021,1271,990,4686,9
03-07-2021,1092,1140,4621,15
04-07-2021,1112,1289,4434,9
05-07-2021,741,1290,3882,3
06-07-2021,1508,831,4548,11
07-07-2021,1501,1876,4150,20
08-07-2021,1151,1141,4133,26
09-07-2021,1380,769,4731,13
10-07-2021,1347,1015,5059,4
11-07-2021,1012,1637,4424,9
12-07-2021,774,1177,4007,12
13-07-2021,1404,830,4567,11
14-07-2021,1154,1937,3774,10
15-07-2021,1106,1034,3834,12
16-07-2021,1296,993,4122,15
17-07-2021,1304,895,4513,17
18-07-2021,1026,1499,4036,4
19-07-2021,802,975,3863,0
20-07-2021,1556,726,4681,12
21-07-2021,1175,2017,3819,18
22-07-2021,970,847,3930,11
23-07-2021,1568,734,4743,20
24-07-2021,1458,1413,4783,5
25-07-2021,1263,1460,4586,0
26-07-2021,886,1091,4357,24
27-07-2021,1914,653,5602,16
28-07-2021,1462,2484,4568,12
29-07-2021,1517,889,5181,15
30-07-2021,1415,1382,5198,16
31-07-2021,1371,1428,5131,9
01-08-2021,1336,1841,4616,10
02-08-2021,949,1317,4242,6
03-08-2021,1836,1199,4859,19
04-08-2021,1527,1657,4714,15
05-08-2021,1547,2867,3382,12
06-08-2021,1301,2055,2610,18
07-08-2021,1420,1205,2814,11
08-08-2021,1075,1695,2190,4
09-08-2021,736,1215,1697,14
10-08-2021,1637,1365,1959,10
11-08-2021,1633,1165,2413,14
12-08-2021,1339,690,3039,23
13-08-2021,1378,947,3464,6
14-08-2021,1234,662,4027,9
15-08-2021,1093,1614,3493,13
16-08-2021,743,362,3866,8
17-08-2021,1692,1523,4025,10
18-08-2021,1311,293,5009,34
19-08-2021,1418,371,6049,7
20-08-2021,1478,822,6705,0
21-08-2021,1126,1157,6653,21
22-08-2021,766,1244,6172,3
23-08-2021,1103,1549,5725,1
24-08-2021,1762,1483,5995,9
25-08-2021,2479,2582,5881,11
26-08-2021,2619,1134,7366,0
27-08-2021,2828,2325,7845,24
28-08-2021,2751,2416,8163,17
29-08-2021,2266,2660,7758,11
30-08-2021,1622,2595,6785,0
31-08-2021,3188,1765,8193,15
01-09-2021,2663,1776,9072,8
02-09-2021,2908,2994,8976,10
03-09-2021,2957,3109,8801,23
04-09-2021,2381,1939,9225,18
05-09-2021,2368,2400,9191,2
06-09-2021,1624,2640,8168,7
07-09-2021,2548,3490,7215,11
08-09-2021,2717,2077,7839,16
09-09-2021,2124,2033,7920,10
10-09-2021,2099,2284,7714,21
11-09-2021,1660,2063,7285,26
12-09-2021,1687,3039,5927,6
13-09-2021,1216,2243,4892,8
14-09-2021,1373,2098,4154,13
15-09-2021,1348,1175,4308,19
16-09-2021,1520,2159,3655,14
17-09-2021,1645,1204,4085,11
18-09-2021,1342,1365,4051,11
19-09-2021,1392,1349,4076,18
20-09-2021,1221,1506,3791,0
21-09-2021,1407,1431,3729,38
22-09-2021,1225,1572,3367,15
23-09-2021,1593,1353,3583,24
24-09-2021,1500,538,4535,10
25-09-2021,1303,141,5689,8
26-09-2021,954,117,6515,11
27-09-2021,891,126,7280,0
28-09-2021,1273,163,8371,19
29-09-2021,841,125,9074,13
30-09-2021,1078,172,9964,16
01-10-2021,1131,92,10989,14
02-10-2021,1001,1212,10763,15
03-10-2021,746,1924,9581,4
04-10-2021,729,1104,9188,18
05-10-2021,755,172,9762,9
06-10-2021,869,78,10544,9
07-10-2021,854,1374,10013,11
08-10-2021,672,1072,9597,16
09-10-2021,696,863,9413,17
10-10-2021,739,76,10074,2
11-10-2021,433,2376,8126,5
12-10-2021,491,781,7822,14
13-10-2021,767,580,7997,12
14-10-2021,590,726,7849,12
15-10-2021,606,690,7761,4
16-10-2021,500,1039,7213,9
17-10-2021,604,549,7264,4
18-10-2021,455,1010,6701,8
19-10-2021,521,541,6673,8
20-10-2021,846,470,7042,7
21-10-2021,580,564,7049,9
22-10-2021,1013,532,7522,8
23-10-2021,649,274,7883,14
24-10-2021,554,2262,6131,44
25-10-2021,623,1079,5670,5
26-10-2021,707,1047,5324,6
27-10-2021,790,1230,4824,60
28-10-2021,609,366,4989,78
29-10-2021,805,402,5389,3
30-10-2021,627,1311,4696,9
31-10-2021,592,848,4440,0
01-11-2021,304,609,4130,5
02-11-2021,606,793,3936,7
03-11-2021,501,632,3746,59
04-11-2021,674,617,3749,54
05-11-2021,698,626,3815,6
06-11-2021,774,554,3941,94
07-11-2021,622,738,3823,2
08-11-2021,662,526,3958,1
09-11-2021,789,609,4072,66
10-11-2021,401,661,3809,3
11-11-2021,694,509,3986,8
12-11-2021,599,563,3928,94
13-11-2021,591,517,3955,47
14-11-2021,454,695,3704,10
15-11-2021,474,439,3739,0
16-11-2021,357,374,3630,92
17-11-2021,523,1039,3024,90
18-11-2021,531,944,2606,5
19-11-2021,379,553,2429,3
20-11-2021,772,668,2417,116
21-11-2021,307,741,1902,81
22-11-2021,348,469,1773,8
23-11-2021,383,353,1659,144
24-11-2021,286,372,1568,5
25-11-2021,377,286,1650,9
26-11-2021,330,748,1227,5
27-11-2021,380,354,1091,162
28-11-2021,200,544,670,77
29-11-2021,259,289,637,3
30-11-2021,355,358,629,5
01-12-2021,351,336,451,193
02-12-2021,375,269,553,4
03-12-2021,372,325,592,8
04-12-2021,350,369,465,108
05-12-2021,346,469,327,15
06-12-2021,200,524,2,1
07-12-2021,374,553,-184,7
08-12-2021,432,369,-127,6
09-12-2021,300,111,54,8
