Date,Confirmed,Recovered,Active,Death
09-03-2020,1,0,1,0
10-03-2020,2,0,3,0
12-03-2020,1,0,4,0
21-03-2020,3,0,7,0
22-03-2020,4,0,11,0
23-03-2020,5,1,15,0
26-03-2020,9,1,23,0
27-03-2020,2,0,25,0
29-03-2020,8,0,33,0
30-03-2020,11,0,44,0
31-03-2020,1,2,43,0
01-04-2020,2,0,45,0
02-04-2020,1,0,46,0
03-04-2020,1,5,42,0
04-04-2020,1,7,36,0
05-04-2020,1,4,33,0
06-04-2020,0,1,32,0
07-04-2020,2,5,29,0
08-04-2020,4,1,32,0
09-04-2020,4,5,31,0
10-04-2020,2,6,27,0
11-04-2020,7,0,34,0
12-04-2020,1,0,35,0
13-04-2020,2,1,36,0
14-04-2020,4,0,40,0
15-04-2020,1,0,41,0
16-04-2020,4,1,44,0
18-04-2020,3,0,47,0
19-04-2020,1,3,45,0
20-04-2020,6,0,51,0
21-04-2020,10,9,52,0
22-04-2020,7,0,59,0
23-04-2020,0,1,58,0
24-04-2020,0,3,55,0
25-04-2020,1,2,54,0
26-04-2020,0,1,53,0
27-04-2020,1,6,48,0
28-04-2020,3,2,49,0
29-04-2020,1,3,47,0
30-04-2020,0,2,45,0
01-05-2020,0,4,41,0
02-05-2020,1,6,36,0
04-05-2020,0,19,17,0
07-05-2020,0,3,14,0
08-05-2020,0,10,4,0
10-05-2020,0,2,2,0
13-05-2020,1,0,3,0
14-05-2020,2,1,4,0
16-05-2020,0,2,2,0
17-05-2020,2,0,4,0
18-05-2020,3,0,7,0
19-05-2020,5,0,12,0
20-05-2020,3,1,14,0
21-05-2020,4,0,18,0
22-05-2020,12,0,30,0
23-05-2020,16,0,46,0
24-05-2020,12,0,58,0
25-05-2020,10,0,68,0
26-05-2020,8,0,75,1
27-05-2020,1,0,76,0
28-05-2020,10,1,85,0
29-05-2020,8,1,92,0
30-05-2020,15,1,106,0
31-05-2020,7,4,109,0
01-06-2020,0,1,108,0
02-06-2020,5,1,112,0
03-06-2020,2,2,112,0
04-06-2020,6,7,111,0
06-06-2020,12,5,118,0
07-06-2020,2,5,115,0
08-06-2020,4,0,119,0
09-06-2020,5,0,124,0
10-06-2020,4,13,115,0
11-06-2020,7,8,113,1
12-06-2020,3,1,114,1
13-06-2020,14,10,118,0
14-06-2020,4,2,120,0
15-06-2020,10,21,109,0
16-06-2020,7,1,115,0
17-06-2020,4,1,118,0
18-06-2020,4,4,117,1
19-06-2020,8,20,105,0
20-06-2020,4,2,107,0
21-06-2020,10,3,114,0
22-06-2020,3,14,103,0
23-06-2020,6,1,108,0
24-06-2020,17,10,115,0
25-06-2020,9,1,123,0
26-06-2020,13,1,135,0
27-06-2020,11,13,133,0
28-06-2020,26,1,158,0
29-06-2020,14,13,159,0
30-06-2020,26,2,183,0
01-07-2020,27,12,198,0
02-07-2020,9,6,201,0
03-07-2020,18,13,206,0
04-07-2020,35,14,227,0
05-07-2020,25,3,249,0
06-07-2020,11,10,250,0
07-07-2020,19,9,260,0
08-07-2020,22,2,280,0
09-07-2020,8,14,274,0
10-07-2020,23,14,283,0
11-07-2020,19,1,301,0
12-07-2020,17,19,299,0
13-07-2020,44,19,323,1
14-07-2020,12,45,290,0
15-07-2020,35,5,320,0
16-07-2020,23,8,334,1
17-07-2020,9,8,335,0
18-07-2020,39,37,337,0
19-07-2020,13,21,329,0
20-07-2020,48,3,374,0
21-07-2020,57,10,421,0
22-07-2020,43,0,464,0
23-07-2020,51,7,507,1
24-07-2020,18,108,417,0
25-07-2020,62,36,443,0
26-07-2020,47,70,420,0
27-07-2020,38,32,426,0
28-07-2020,43,15,454,0
29-07-2020,42,3,493,0
30-07-2020,39,47,485,0
31-07-2020,14,41,458,0
01-08-2020,5,35,428,0
02-08-2020,16,55,389,0
03-08-2020,37,25,401,0
04-08-2020,37,103,334,0
05-08-2020,61,53,341,1
06-08-2020,33,18,356,0
07-08-2020,13,29,339,1
08-08-2020,57,47,349,0
09-08-2020,41,11,379,0
10-08-2020,63,32,410,0
11-08-2020,30,27,412,1
12-08-2020,31,64,378,0
13-08-2020,27,25,380,0
14-08-2020,95,75,400,0
15-08-2020,52,32,420,0
16-08-2020,52,20,447,5
17-08-2020,77,22,501,1
18-08-2020,123,61,563,0
19-08-2020,126,48,641,0
20-08-2020,78,35,684,0
21-08-2020,78,44,717,1
22-08-2020,62,56,722,1
23-08-2020,143,88,777,0
24-08-2020,76,45,808,0
25-08-2020,150,99,859,0
26-08-2020,128,49,937,1
27-08-2020,102,119,917,3
28-08-2020,135,134,917,1
29-08-2020,95,94,917,1
30-08-2020,112,113,914,2
31-08-2020,74,88,900,0
01-09-2020,77,97,880,0
02-09-2020,142,127,895,0
03-09-2020,74,137,831,1
04-09-2020,115,73,871,2
05-09-2020,222,124,968,1
06-09-2020,200,69,1098,1
07-09-2020,260,70,1288,0
08-09-2020,158,106,1337,3
09-09-2020,251,67,1521,0
10-09-2020,276,144,1653,0
11-09-2020,256,61,1847,1
12-09-2020,207,135,1918,0
13-09-2020,234,88,2064,0
14-09-2020,232,135,2161,0
15-09-2020,213,228,2146,0
16-09-2020,247,179,2213,1
17-09-2020,260,97,2376,0
18-09-2020,330,169,2537,0
19-09-2020,222,91,2668,0
20-09-2020,242,157,2753,0
21-09-2020,314,39,3025,3
22-09-2020,143,214,2953,1
23-09-2020,365,142,3176,0
24-09-2020,406,431,3151,0
25-09-2020,419,217,3353,0
26-09-2020,435,147,3641,0
27-09-2020,332,153,3818,2
28-09-2020,310,124,4004,0
29-09-2020,432,197,4234,5
30-09-2020,519,182,4571,0
01-10-2020,435,129,4877,0
02-10-2020,625,303,5199,0
03-10-2020,423,204,5412,6
04-10-2020,555,109,5857,1
05-10-2020,339,130,6063,3
06-10-2020,545,251,6355,2
07-10-2020,602,1188,5769,0
08-10-2020,377,387,5759,0
09-10-2020,556,492,5823,0
10-10-2020,727,337,6211,2
11-10-2020,413,347,6275,2
12-10-2020,274,130,6413,6
13-10-2020,370,442,6340,1
14-10-2020,303,436,6206,1
15-10-2020,557,650,6113,0
16-10-2020,405,440,6069,9
17-10-2020,464,561,5971,1
18-10-2020,462,537,5896,0
19-10-2020,293,72,6116,1
20-10-2020,400,544,5968,4
21-10-2020,566,426,6105,3
22-10-2020,377,572,5910,0
23-10-2020,497,538,5866,2
24-10-2020,430,355,5937,4
25-10-2020,274,537,5673,1
26-10-2020,174,97,5747,3
27-10-2020,258,368,5635,2
28-10-2020,506,358,5783,0
29-10-2020,419,679,5519,4
30-10-2020,341,379,5480,1
31-10-2020,337,480,5337,0
01-11-2020,306,548,5089,6
02-11-2020,195,93,5189,1
03-11-2020,335,477,5047,0
04-11-2020,370,515,4902,0
05-11-2020,329,546,4683,2
06-11-2020,354,393,4641,3
07-11-2020,266,313,4589,5
08-11-2020,344,138,4792,3
09-11-2020,152,133,4810,1
10-11-2020,301,177,4931,3
11-11-2020,264,501,4692,2
12-11-2020,346,214,4823,1
13-11-2020,240,431,4631,1
14-11-2020,363,567,4427,0
15-11-2020,203,336,4290,4
16-11-2020,110,285,4111,4
17-11-2020,335,625,3820,1
18-11-2020,213,376,3657,0
19-11-2020,337,377,3616,1
20-11-2020,251,295,3569,3
21-11-2020,211,473,3307,0
22-11-2020,233,351,3189,0
23-11-2020,144,187,3145,1
24-11-2020,264,317,3090,1
25-11-2020,242,320,3010,2
26-11-2020,226,150,3083,3
27-11-2020,131,136,3078,0
28-11-2020,315,179,3214,0
29-11-2020,277,259,3232,0
30-11-2020,175,299,3108,0
01-12-2020,222,321,3007,2
02-12-2020,201,258,2949,1
03-12-2020,288,196,3039,2
04-12-2020,275,276,3038,0
05-12-2020,280,288,3028,2
06-12-2020,223,197,3051,3
07-12-2020,154,234,2971,0
08-12-2020,207,158,3020,0
09-12-2020,251,217,3049,5
10-12-2020,186,292,2941,2
11-12-2020,286,206,3020,1
12-12-2020,169,110,3075,4
13-12-2020,267,111,3227,4
14-12-2020,136,172,3191,0
15-12-2020,149,115,3223,2
16-12-2020,250,100,3372,0
17-12-2020,266,101,3536,1
18-12-2020,298,349,3483,1
19-12-2020,268,330,3417,4
20-12-2020,292,160,3549,0
21-12-2020,159,304,3404,0
22-12-2020,302,306,3398,2
23-12-2020,228,151,3475,0
24-12-2020,263,279,3459,0
25-12-2020,266,252,3470,3
26-12-2020,120,209,3381,0
27-12-2020,289,158,3509,3
28-12-2020,103,176,3434,2
29-12-2020,230,203,3458,2
30-12-2020,242,201,3498,1
31-12-2020,302,222,3575,2
01-01-2021,266,213,3625,2
02-01-2021,197,219,3603,0
03-01-2021,179,358,3420,3
04-01-2021,133,246,3305,2
05-01-2021,252,341,3215,1
06-01-2021,219,260,3172,2
07-01-2021,151,458,2861,4
08-01-2021,249,318,2791,0
09-01-2021,182,220,2752,1
10-01-2021,262,242,2770,2
11-01-2021,160,227,2701,2
12-01-2021,273,201,2773,0
14-01-2021,235,195,2812,1
13-01-2021,259,301,2766,3
15-01-2021,219,126,2858,1
16-01-2021,207,207,2853,5
17-01-2021,239,118,2973,1
18-01-2021,187,167,2993,0
19-01-2021,301,175,3114,4
20-01-2021,281,242,3151,2
21-01-2021,299,220,3226,3
22-01-2021,312,166,3372,0
23-01-2021,321,226,3465,1
24-01-2021,362,340,3486,1
25-01-2021,115,191,3407,1
26-01-2021,305,139,3572,1
27-01-2021,357,206,3722,0
28-01-2021,275,274,3722,1
29-01-2021,349,183,3887,1
30-01-2021,321,220,3987,1
31-01-2021,230,197,4018,2
01-02-2021,157,181,3989,4
02-02-2021,340,193,4133,3
03-02-2021,297,286,4143,1
04-02-2021,289,240,4191,1
05-02-2021,253,354,4089,1
06-02-2021,182,279,3991,1
07-02-2021,254,328,3915,2
08-02-2021,145,201,3855,2
09-02-2021,273,263,3864,1
10-02-2021,213,277,3799,0
11-02-2021,251,332,3714,2
12-02-2021,197,405,3505,1
13-02-2021,279,439,3344,1
14-02-2021,164,280,3227,0
15-02-2021,135,231,3129,2
16-02-2021,182,267,3042,2
17-02-2021,284,279,3047,0
18-02-2021,211,216,3042,0
19-02-2021,196,202,3036,0
20-02-2021,176,217,2993,2
21-02-2021,167,149,3011,0
22-02-2021,114,207,2914,2
23-02-2021,206,190,2929,1
24-02-2021,199,181,2947,0
25-02-2021,312,165,3094,0
26-02-2021,177,128,3142,0
27-02-2021,173,303,3012,0
28-02-2021,181,232,2961,0
01-03-2021,198,158,3000,1
02-03-2021,225,142,3081,2
03-03-2021,128,180,3029,0
04-03-2021,204,303,2930,0
05-03-2021,175,223,2878,4
06-03-2021,215,282,2809,2
07-03-2021,158,195,2771,1
08-03-2021,82,121,2731,1
09-03-2021,178,151,2757,1
10-03-2021,123,348,2530,2
11-03-2021,200,125,2604,1
12-03-2021,131,302,2433,0
13-03-2021,205,108,2528,1
14-03-2021,151,90,2587,2
15-03-2021,74,167,2493,1
16-03-2021,176,319,2348,2
17-03-2021,139,141,2345,1
18-03-2021,161,286,2216,3
19-03-2021,180,130,2263,3
20-03-2021,159,112,2310,0
21-03-2021,182,215,2277,0
22-03-2021,125,214,2187,1
23-03-2021,252,123,2313,2
24-03-2021,295,152,2455,1
25-03-2021,205,147,2511,2
26-03-2021,245,140,2615,1
27-03-2021,222,103,2732,2
28-03-2021,285,140,2875,2
29-03-2021,249,170,2953,1
30-03-2021,248,162,3037,2
31-03-2021,416,142,3310,1
01-04-2021,345,137,3518,0
02-04-2021,272,275,3511,4
03-04-2021,264,92,3680,3
04-04-2021,350,250,3779,1
05-04-2021,240,112,3905,2
06-04-2021,410,103,4210,2
07-04-2021,287,169,4328,0
08-04-2021,334,227,4433,2
09-04-2021,478,291,4617,3
10-04-2021,451,278,4788,2
11-04-2021,575,216,5145,2
12-04-2021,536,303,5376,2
13-04-2021,503,266,5611,2
14-04-2021,748,140,6214,5
15-04-2021,649,119,6740,4
16-04-2021,673,298,7114,1
17-04-2021,1132,413,7827,4
18-04-2021,1451,714,8561,3
19-04-2021,1175,658,9073,5
20-04-2021,1360,300,10130,3
21-04-2021,1554,439,11244,1
22-04-2021,1747,390,12600,1
23-04-2021,1998,335,14258,5
24-04-2021,1755,595,15418,0
25-04-2021,1843,356,16905,0
26-04-2021,1618,683,17834,6
27-04-2021,1996,623,19207,0
28-04-2021,1857,741,20316,6
29-04-2021,1999,1045,21260,10
30-04-2021,2482,1113,22623,6
01-05-2021,1484,1255,22849,3
02-05-2021,1525,1143,23227,4
03-05-2021,1469,1178,23514,3
04-05-2021,1985,1490,24003,6
05-05-2021,2087,1590,24496,4
06-05-2021,2418,2083,24815,16
07-05-2021,3139,1664,26290,0
08-05-2021,3090,1856,27512,12
09-05-2021,2297,1562,28239,8
10-05-2021,1838,1803,28267,7
11-05-2021,2085,1917,28424,10
12-05-2021,2346,1907,28863,0
13-05-2021,2261,2349,28775,0
14-05-2021,2159,1490,29427,16
15-05-2021,1652,1504,29565,9
16-05-2021,1695,3000,28256,4
17-05-2021,1641,5722,24172,3
18-05-2021,1374,5349,20197,0
19-05-2021,1789,3783,18196,7
20-05-2021,1433,1255,18374,0
21-05-2021,1410,2649,17116,18
22-05-2021,1252,2253,16108,7
23-05-2021,1265,1951,15406,16
24-05-2021,947,1670,14680,3
25-05-2021,1212,3884,12004,4
26-05-2021,1304,1157,12135,16
27-05-2021,1023,2255,10888,15
28-05-2021,974,2020,9834,8
29-05-2021,984,1204,9600,14
30-05-2021,991,1537,9053,1
31-05-2021,558,1518,8093,0
01-06-2021,866,1502,7454,3
02-06-2021,746,1296,6887,17
03-06-2021,856,1654,6081,8
04-06-2021,621,870,5825,7
05-06-2021,684,898,5601,9
06-06-2021,640,857,5384,0
07-06-2021,439,866,4950,5
08-06-2021,692,790,4842,10
09-06-2021,619,829,4611,21
10-06-2021,750,922,4429,10
11-06-2021,667,592,4487,16
12-06-2021,442,652,4272,5
13-06-2021,633,678,4211,15
14-06-2021,339,661,3878,11
15-06-2021,547,580,3842,3
16-06-2021,675,548,3959,10
17-06-2021,535,700,3791,2
18-06-2021,429,411,3806,3
19-06-2021,527,341,3982,10
20-06-2021,486,892,3573,3
21-06-2021,434,451,3552,4
22-06-2021,580,322,3805,4
23-06-2021,607,521,3881,10
24-06-2021,696,433,4130,12
25-06-2021,619,436,4311,2
26-06-2021,535,460,4376,10
27-06-2021,562,606,4332,0
28-06-2021,450,391,4385,6
29-06-2021,746,594,4537,0
30-06-2021,634,612,4553,6
01-07-2021,766,635,4678,6
02-07-2021,719,588,4806,3
03-07-2021,675,502,4972,6
04-07-2021,782,538,5211,5
05-07-2021,560,406,5361,4
06-07-2021,947,616,5685,7
07-07-2021,962,653,5984,10
08-07-2021,897,863,6013,5
09-07-2021,826,816,6011,12
10-07-2021,765,685,6074,17
11-07-2021,792,606,6260,0
12-07-2021,522,578,6204,0
13-07-2021,926,631,6481,18
14-07-2021,912,980,6404,9
15-07-2021,936,727,6608,5
16-07-2021,719,1072,6239,16
17-07-2021,1084,871,6452,0
18-07-2021,797,670,6562,17
19-07-2021,653,682,6531,2
20-07-2021,873,761,6641,2
21-07-2021,777,728,6679,11
22-07-2021,552,785,6435,11
23-07-2021,1121,783,6766,7
24-07-2021,990,718,7035,3
25-07-2021,884,1040,6879,0
26-07-2021,609,741,6730,17
27-07-2021,1072,664,7123,15
28-07-2021,1179,1025,7266,11
29-07-2021,1275,755,7775,11
30-07-2021,1123,959,7938,1
31-07-2021,1243,844,8337,0
01-08-2021,1112,836,8605,8
02-08-2021,802,682,8725,0
03-08-2021,1180,748,9156,1
04-08-2021,1299,1449,8996,10
05-08-2021,1142,964,9166,8
06-08-2021,993,1356,8803,0
07-08-2021,1217,1121,8889,10
08-08-2021,1012,1115,8757,29
09-08-2021,944,840,8860,1
10-08-2021,1091,970,8977,4
11-08-2021,1194,1323,8847,1
12-08-2021,1338,1646,8522,17
13-08-2021,1472,1003,8986,5
14-08-2021,1009,1322,8671,2
15-08-2021,1257,1047,8881,0
16-08-2021,873,922,8820,12
17-08-2021,1306,769,9342,15
18-08-2021,1326,1116,9548,4
19-08-2021,1370,1106,9794,18
20-08-2021,1034,1065,9761,2
21-08-2021,919,1099,9579,2
22-08-2021,778,1137,9220,0
23-08-2021,720,1170,8757,13
24-08-2021,1418,1187,8988,0
25-08-2021,1930,1032,9829,57
26-08-2021,1939,1341,10394,33
27-08-2021,1984,1191,11176,11
28-08-2021,1643,1138,11675,6
29-08-2021,1753,1009,12414,5
30-08-2021,1201,615,12977,23
31-08-2021,1927,875,14025,4
01-09-2021,1657,1983,13697,2
02-09-2021,1626,1855,13419,49
03-09-2021,1490,1707,13189,13
04-09-2021,1562,1764,12987,0
05-09-2021,1356,1860,12472,11
06-09-2021,1262,1743,11991,0
07-09-2021,1649,914,12726,0
08-09-2021,1433,2003,12120,36
09-09-2021,1532,1649,11995,8
10-09-2021,1583,1520,12057,1
11-09-2021,810,1550,11317,0
12-09-2021,1217,1592,10939,3
13-09-2021,814,1608,10140,5
14-09-2021,1099,864,10375,0
15-09-2021,967,1767,9514,61
16-09-2021,1246,1506,9246,8
17-09-2021,1033,1336,8943,0
18-09-2021,1119,1272,8790,0
19-09-2021,856,1191,8434,20
20-09-2021,700,1079,8055,0
21-09-2021,993,752,8284,12
22-09-2021,967,1253,7997,1
23-09-2021,924,1142,7779,0
24-09-2021,819,1068,7529,1
25-09-2021,890,1019,7400,0
26-09-2021,646,600,7365,81
27-09-2021,755,628,7492,0
28-09-2021,643,754,7366,15
29-09-2021,666,712,7294,26
30-09-2021,799,912,7172,9
01-10-2021,744,983,6923,10
02-10-2021,710,868,6756,9
03-10-2021,606,840,6521,1
04-10-2021,611,754,6364,14
05-10-2021,563,796,6107,24
06-10-2021,698,642,6149,14
07-10-2021,679,398,6411,19
08-10-2021,688,970,6114,15
09-10-2021,561,753,5918,4
10-10-2021,602,668,5851,1
11-10-2021,424,708,5557,10
12-10-2021,628,590,5593,2
13-10-2021,554,370,5759,18
14-10-2021,505,779,5476,9
15-10-2021,479,681,5273,1
16-10-2021,420,656,5037,0
17-10-2021,446,601,4882,0
18-10-2021,436,611,4706,1
19-10-2021,426,566,4566,0
20-10-2021,531,313,4782,2
21-10-2021,500,661,4612,9
22-10-2021,467,519,4501,59
23-10-2021,410,518,4368,25
24-10-2021,419,503,4245,39
25-10-2021,402,414,4207,26
26-10-2021,427,525,4108,1
27-10-2021,422,368,4144,18
28-10-2021,371,467,3885,163
29-10-2021,336,461,3679,81
30-10-2021,349,457,3559,12
31-10-2021,304,451,3412,0
01-11-2021,417,441,3316,72
02-11-2021,255,264,3276,31
03-11-2021,422,369,3321,8
04-11-2021,411,427,3305,0
05-11-2021,341,420,3205,21
06-11-2021,394,369,3228,2
07-11-2021,388,333,3240,43
08-11-2021,387,347,3191,89
09-11-2021,481,304,3368,0
10-11-2021,335,417,3286,0
11-11-2021,471,255,3495,7
12-11-2021,397,422,3470,0
13-11-2021,431,341,3560,0
14-11-2021,376,411,3525,0
15-11-2021,371,394,3500,2
16-11-2021,368,388,3480,0
17-11-2021,437,387,3530,0
18-11-2021,348,481,3375,22
19-11-2021,335,335,3296,79
20-11-2021,367,471,3171,21
21-11-2021,361,397,3134,1
22-11-2021,200,431,2903,0
23-11-2021,291,376,2817,1
24-11-2021,194,371,2640,0
25-11-2021,373,368,2567,78
26-11-2021,295,437,2363,62
27-11-2021,287,348,2285,17
28-11-2021,225,335,2173,2
29-11-2021,231,367,2016,21
30-11-2021,337,361,1983,9
01-12-2021,236,200,1947,72
02-12-2021,309,291,1890,75
03-12-2021,284,194,1978,2
04-12-2021,276,373,1880,1
05-12-2021,246,295,1831,0
06-12-2021,267,287,1811,0
07-12-2021,308,225,1894,0
08-12-2021,327,231,1990,0
09-12-2021,287,337,1939,1
