Date,Confirmed,Recovered,Active,Death
24-03-2020,1,0,1,0
25-03-2020,2,0,3,0
28-03-2020,1,0,4,0
29-03-2020,1,0,5,0
01-04-2020,1,0,6,0
04-04-2020,1,0,7,0
11-04-2020,0,4,3,0
13-04-2020,1,0,4,0
14-04-2020,0,2,2,0
21-04-2020,4,0,6,0
22-04-2020,0,1,5,0
27-04-2020,1,0,6,0
30-04-2020,0,4,2,0
04-05-2020,0,1,1,0
10-05-2020,0,1,0,0
11-05-2020,1,0,1,0
13-05-2020,2,0,3,0
14-05-2020,3,0,6,0
15-05-2020,1,0,7,0
16-05-2020,2,0,9,0
17-05-2020,2,0,11,0
18-05-2020,1,0,12,0
19-05-2020,1,0,13,0
20-05-2020,7,0,20,0
21-05-2020,1,0,21,0
22-05-2020,5,0,26,0
23-05-2020,19,0,45,0
24-05-2020,4,0,49,0
25-05-2020,5,0,54,0
26-05-2020,29,2,81,0
27-05-2020,8,0,89,0
28-05-2020,16,0,105,0
29-05-2020,14,0,119,0
30-05-2020,9,0,128,0
31-05-2020,12,0,140,0
01-06-2020,2,1,141,0
02-06-2020,5,0,146,0
03-06-2020,5,0,151,0
04-06-2020,7,13,144,1
05-06-2020,40,0,183,0
06-06-2020,11,30,164,0
07-06-2020,6,7,163,0
08-06-2020,1,2,162,0
09-06-2020,14,0,176,0
10-06-2020,6,0,182,0
11-06-2020,13,13,182,0
12-06-2020,5,6,181,0
13-06-2020,8,9,180,0
14-06-2020,6,27,159,0
15-06-2020,7,12,154,0
16-06-2020,6,9,151,0
17-06-2020,6,24,133,0
18-06-2020,14,11,136,0
19-06-2020,10,13,133,0
20-06-2020,23,10,146,0
21-06-2020,15,1,160,0
22-06-2020,16,12,164,0
23-06-2020,27,0,191,0
24-06-2020,16,1,206,0
25-06-2020,24,5,225,0
26-06-2020,23,2,246,0
27-06-2020,25,5,266,0
28-06-2020,4,4,266,0
29-06-2020,12,3,275,0
30-06-2020,17,7,285,0
01-07-2020,17,11,291,0
02-07-2020,18,54,255,0
03-07-2020,14,68,201,0
04-07-2020,29,45,185,0
05-07-2020,29,8,206,0
06-07-2020,8,33,181,0
07-07-2020,29,23,187,0
08-07-2020,25,9,203,0
09-07-2020,50,17,236,0
10-07-2020,28,8,256,0
11-07-2020,48,7,297,0
12-07-2020,59,16,340,0
13-07-2020,19,25,334,0
14-07-2020,26,49,311,0
15-07-2020,19,55,275,0
16-07-2020,25,72,228,0
17-07-2020,31,0,259,0
18-07-2020,49,27,281,0
19-07-2020,81,11,351,0
20-07-2020,49,94,306,0
21-07-2020,46,34,318,0
22-07-2020,34,15,337,0
23-07-2020,51,45,343,0
24-07-2020,58,63,338,0
25-07-2020,35,24,348,1
26-07-2020,42,5,385,0
27-07-2020,41,9,417,0
28-07-2020,86,40,463,0
29-07-2020,49,19,493,0
30-07-2020,4,36,461,0
31-07-2020,83,111,433,0
01-08-2020,47,42,438,0
02-08-2020,38,29,447,0
03-08-2020,59,67,438,0
04-08-2020,50,56,432,0
05-08-2020,41,13,460,0
06-08-2020,136,41,555,0
07-08-2020,123,33,645,0
08-08-2020,39,46,638,0
09-08-2020,78,80,636,0
10-08-2020,147,102,681,0
11-08-2020,141,40,782,0
12-08-2020,81,86,777,0
13-08-2020,202,67,912,0
14-08-2020,180,91,1001,0
15-08-2020,74,92,983,0
16-08-2020,29,107,905,0
17-08-2020,137,54,989,0
18-08-2020,51,82,957,1
19-08-2020,65,103,919,0
20-08-2020,65,91,893,0
21-08-2020,83,144,832,0
22-08-2020,184,89,927,0
23-08-2020,39,250,716,0
24-08-2020,99,120,695,0
25-08-2020,152,119,728,0
26-08-2020,86,66,748,0
27-08-2020,195,56,887,0
28-08-2020,127,93,921,0
29-08-2020,133,74,980,0
30-08-2020,45,64,961,0
31-08-2020,42,114,889,0
01-09-2020,42,153,778,0
02-09-2020,30,98,710,0
03-09-2020,58,68,699,1
04-09-2020,42,93,648,0
05-09-2020,100,112,636,0
06-09-2020,162,95,703,0
07-09-2020,118,95,726,0
08-09-2020,226,59,893,0
09-09-2020,131,87,937,0
10-09-2020,194,33,1098,0
11-09-2020,109,46,1160,1
12-09-2020,184,39,1303,2
13-09-2020,233,66,1469,1
14-09-2020,175,93,1548,3
15-09-2020,136,120,1563,1
16-09-2020,220,117,1660,6
17-09-2020,241,114,1787,0
18-09-2020,268,118,1936,1
19-09-2020,349,130,2153,2
20-09-2020,289,145,2296,1
21-09-2020,167,171,2289,3
22-09-2020,242,235,2295,1
23-09-2020,278,150,2423,0
24-09-2020,353,114,2662,0
25-09-2020,419,223,2858,0
26-09-2020,547,223,3182,0
27-09-2020,488,206,3462,2
28-09-2020,378,200,3640,0
29-09-2020,374,269,3743,2
30-09-2020,631,206,4160,8
01-10-2020,513,113,4560,0
02-10-2020,633,221,4972,0
03-10-2020,496,186,5282,0
04-10-2020,496,217,5560,1
05-10-2020,281,327,5514,0
06-10-2020,520,276,5758,0
07-10-2020,650,337,6071,0
08-10-2020,285,407,5949,0
09-10-2020,672,315,6306,0
10-10-2020,677,396,6586,1
11-10-2020,640,546,6680,0
12-10-2020,288,444,6524,0
13-10-2020,606,385,6745,0
14-10-2020,364,449,6660,0
15-10-2020,354,441,6573,0
16-10-2020,648,322,6899,0
17-10-2020,688,343,7244,0
18-10-2020,342,275,7305,6
19-10-2020,271,347,7229,0
20-10-2020,403,271,7361,0
21-10-2020,417,373,7403,2
22-10-2020,465,239,7629,0
23-10-2020,531,239,7921,0
24-10-2020,457,459,7919,0
25-10-2020,374,419,7874,0
26-10-2020,276,454,7695,1
27-10-2020,337,188,7843,1
28-10-2020,449,735,7555,2
29-10-2020,369,568,7356,0
30-10-2020,482,286,7552,0
31-10-2020,496,458,7588,2
01-11-2020,435,390,7631,2
02-11-2020,286,463,7453,1
03-11-2020,431,1375,6509,0
04-11-2020,453,583,6378,1
05-11-2020,372,324,6425,1
06-11-2020,464,327,6562,0
07-11-2020,465,286,6741,0
08-11-2020,306,172,6874,0
09-11-2020,225,429,6670,0
10-11-2020,342,413,6596,3
11-11-2020,424,506,6513,1
12-11-2020,434,299,6645,3
13-11-2020,438,338,6743,2
14-11-2020,467,484,6726,0
15-11-2020,416,340,6799,3
16-11-2020,185,973,6010,1
17-11-2020,380,820,5569,1
18-11-2020,377,624,5322,0
19-11-2020,496,406,5411,0
20-11-2020,573,497,5487,0
21-11-2020,478,590,5371,3
22-11-2020,468,426,5413,0
23-11-2020,331,583,5160,1
24-11-2020,453,443,5168,2
25-11-2020,463,349,5280,2
26-11-2020,376,461,5194,1
27-11-2020,351,228,5317,0
28-11-2020,491,379,5429,0
29-11-2020,394,338,5485,0
30-11-2020,242,482,5245,0
01-12-2020,323,493,5075,0
02-12-2020,427,371,5131,0
03-12-2020,375,397,5109,0
04-12-2020,447,444,5112,0
05-12-2020,399,405,5105,1
06-12-2020,341,397,5049,0
07-12-2020,202,323,4928,0
08-12-2020,328,383,4871,1
09-12-2020,343,437,4776,0
10-12-2020,212,263,4719,6
11-12-2020,257,243,4727,6
12-12-2020,436,285,4877,1
13-12-2020,307,381,4802,1
14-12-2020,190,291,4694,7
15-12-2020,349,338,4704,1
16-12-2020,401,331,4772,1
17-12-2020,306,277,4801,0
18-12-2020,365,205,4961,0
19-12-2020,390,238,5107,6
20-12-2020,247,267,5083,4
21-12-2020,305,226,5161,1
22-12-2020,303,265,5198,1
23-12-2020,367,356,5208,1
24-12-2020,313,272,5249,0
25-12-2020,303,200,5352,0
26-12-2020,156,297,5211,0
27-12-2020,230,327,5114,0
28-12-2020,209,301,5020,2
29-12-2020,249,379,4887,3
30-12-2020,338,333,4890,2
31-12-2020,225,229,4880,6
01-01-2021,226,246,4860,0
02-01-2021,240,274,4824,2
03-01-2021,218,306,4736,0
04-01-2021,135,258,4612,1
05-01-2021,259,251,4620,0
06-01-2021,255,153,4718,4
07-01-2021,239,210,4747,0
08-01-2021,267,207,4802,5
09-01-2021,217,179,4837,3
10-01-2021,175,249,4762,1
11-01-2021,176,201,4734,3
12-01-2021,201,227,4707,1
14-01-2021,210,194,4722,1
13-01-2021,225,212,4735,0
15-01-2021,209,133,4810,0
16-01-2021,348,218,4939,1
17-01-2021,176,221,4894,0
18-01-2021,152,186,4859,1
19-01-2021,242,198,4903,0
20-01-2021,237,199,4941,0
21-01-2021,241,123,5059,0
22-01-2021,284,141,5201,1
23-01-2021,234,178,5248,9
24-01-2021,208,268,5188,0
25-01-2021,162,145,5205,0
26-01-2021,259,185,5279,0
27-01-2021,185,175,5289,0
28-01-2021,236,148,5377,0
29-01-2021,259,821,4815,0
30-01-2021,256,865,4206,0
31-01-2021,211,429,3982,5
01-02-2021,145,273,3854,0
02-02-2021,251,350,3755,0
03-02-2021,275,254,3776,0
04-02-2021,217,289,3703,1
05-02-2021,219,203,3719,0
06-02-2021,235,252,3702,0
07-02-2021,159,252,3609,0
08-02-2021,102,192,3519,0
09-02-2021,186,201,3504,0
10-02-2021,191,196,3499,0
11-02-2021,227,142,3584,0
12-02-2021,149,153,3580,0
13-02-2021,153,185,3547,1
14-02-2021,169,302,3414,0
15-02-2021,83,174,3323,0
16-02-2021,217,185,3355,0
17-02-2021,140,190,3304,1
18-02-2021,130,168,3264,1
19-02-2021,160,107,3317,0
20-02-2021,193,164,3346,0
21-02-2021,129,183,3292,0
22-02-2021,68,151,3209,0
23-02-2021,147,124,3232,0
24-02-2021,109,343,2998,0
25-02-2021,112,132,2978,0
26-02-2021,130,173,2934,1
27-02-2021,115,160,2889,0
28-02-2021,88,188,2789,0
01-03-2021,56,135,2710,0
02-03-2021,99,129,2680,0
03-03-2021,101,111,2670,0
04-03-2021,81,81,2670,0
05-03-2021,89,131,2628,0
06-03-2021,102,150,2580,0
07-03-2021,78,103,2555,0
08-03-2021,55,106,2504,0
09-03-2021,77,266,2313,2
10-03-2021,57,130,2240,0
11-03-2021,88,57,2271,0
12-03-2021,67,64,2274,0
13-03-2021,80,56,2298,0
14-03-2021,39,158,2179,0
15-03-2021,50,83,2146,0
16-03-2021,69,62,2153,0
17-03-2021,75,101,2127,0
18-03-2021,67,60,2134,0
19-03-2021,98,85,2147,0
20-03-2021,68,76,2139,0
21-03-2021,77,112,2104,0
22-03-2021,59,96,2067,0
23-03-2021,79,79,2067,0
24-03-2021,101,103,2065,0
25-03-2021,72,45,2092,0
26-03-2021,65,74,2083,0
27-03-2021,103,65,2121,0
28-03-2021,63,85,2099,0
29-03-2021,88,51,2136,0
30-03-2021,91,74,2153,0
31-03-2021,84,83,2154,0
01-04-2021,113,49,2218,0
02-04-2021,103,57,2264,0
03-04-2021,115,54,2325,0
04-04-2021,133,74,2384,0
05-04-2021,113,53,2444,0
06-04-2021,172,62,2552,2
07-04-2021,170,69,2653,0
08-04-2021,190,60,2783,0
09-04-2021,252,170,2861,4
10-04-2021,304,205,2960,0
11-04-2021,325,185,3099,1
12-04-2021,206,130,3175,0
13-04-2021,348,61,3460,2
14-04-2021,461,68,3852,0
15-04-2021,481,99,4234,0
16-04-2021,514,62,4685,1
17-04-2021,864,90,5459,0
18-04-2021,1077,172,6364,0
19-04-2021,581,165,6780,0
20-04-2021,1109,175,7711,3
21-04-2021,1120,208,8622,0
22-04-2021,1518,266,9874,0
23-04-2021,1728,221,11380,1
24-04-2021,1512,372,12520,0
25-04-2021,1820,375,13965,0
26-04-2021,1342,320,14987,0
27-04-2021,2071,481,16577,0
28-04-2021,1920,517,17979,1
29-04-2021,2411,931,19459,0
30-04-2021,2273,886,20846,0
01-05-2021,2499,830,22499,16
02-05-2021,1936,943,23492,0
03-05-2021,1729,900,24321,0
04-05-2021,3111,951,26481,0
05-05-2021,2551,998,28034,0
06-05-2021,2950,2488,28496,0
07-05-2021,2968,3200,28259,5
08-05-2021,3216,3487,27988,0
09-05-2021,2881,3334,27535,0
10-05-2021,2297,3526,26294,12
11-05-2021,2959,3620,25623,10
12-05-2021,3520,3100,26043,0
13-05-2021,3223,3000,26236,30
14-05-2021,2948,2924,26246,14
15-05-2021,3165,3012,26396,3
16-05-2021,3145,2609,26923,9
17-05-2021,1871,1257,27516,21
18-05-2021,3105,1433,29188,0
19-05-2021,2709,4521,27338,38
20-05-2021,2560,4701,25193,4
21-05-2021,3040,3055,25148,30
22-05-2021,3020,3360,24756,52
23-05-2021,2700,3168,24249,39
24-05-2021,1898,3156,22953,38
25-05-2021,3285,3032,23188,18
26-05-2021,3038,3139,23086,1
27-05-2021,2592,3144,22534,0
28-05-2021,2038,2543,22022,7
29-05-2021,2682,3060,21626,18
30-05-2021,1970,2730,20856,10
31-05-2021,1300,2584,19536,36
01-06-2021,2178,2979,18694,41
02-06-2021,2117,2569,18232,10
03-06-2021,2201,2758,17654,20
04-06-2021,1925,3206,16364,9
05-06-2021,1899,5108,13136,18
06-06-2021,1494,1147,13432,50
07-06-2021,1028,1550,12845,65
08-06-2021,1284,1655,12474,0
09-06-2021,1696,1766,12403,1
10-06-2021,1312,1677,12005,33
11-06-2021,1355,1487,11846,27
12-06-2021,1365,2054,11130,27
13-06-2021,1027,1744,10401,12
14-06-2021,767,1539,9629,0
15-06-2021,1066,1449,9231,15
16-06-2021,1255,1569,8894,23
17-06-2021,957,1428,8408,15
18-06-2021,1020,1505,7906,17
19-06-2021,1032,1236,7680,21
20-06-2021,1045,972,7744,9
21-06-2021,710,1124,7320,10
22-06-2021,1204,1391,7113,20
23-06-2021,1315,1280,7128,20
24-06-2021,990,1011,7092,15
25-06-2021,1061,1060,7082,11
26-06-2021,921,1031,6959,13
27-06-2021,1010,1232,6725,12
28-06-2021,687,1018,6387,6
29-06-2021,1330,1005,6703,9
30-06-2021,1273,1090,6876,10
01-07-2021,1050,1061,6853,12
02-07-2021,1098,1192,6741,18
03-07-2021,1094,1183,6634,18
04-07-2021,1183,1037,6769,11
05-07-2021,902,943,6714,14
06-07-2021,1221,1066,6856,13
07-07-2021,1180,1162,6860,14
08-07-2021,1130,1056,6915,17
09-07-2021,1049,1060,6893,11
10-07-2021,1207,1064,7025,11
11-07-2021,909,1040,6888,6
12-07-2021,664,1023,6517,12
13-07-2021,1191,1056,6645,7
14-07-2021,1111,1087,6661,8
15-07-2021,1105,732,7023,10
16-07-2021,966,858,7125,6
17-07-2021,1140,968,7289,8
18-07-2021,952,833,7401,7
19-07-2021,846,799,7440,8
20-07-2021,1237,1046,7617,14
21-07-2021,1394,1040,7948,23
22-07-2021,1095,1013,8024,6
23-07-2021,1455,1003,8463,13
24-07-2021,1624,1026,9047,14
25-07-2021,1552,1124,9465,10
26-07-2021,1032,1129,9357,11
27-07-2021,2115,1015,10444,13
28-07-2021,1649,1080,10999,14
29-07-2021,2034,960,12067,6
30-07-2021,2070,908,13218,11
31-07-2021,2209,1295,14127,5
01-08-2021,1882,1284,14714,11
02-08-2021,1506,1309,14903,8
03-08-2021,2223,1014,16096,16
04-08-2021,1928,1574,16432,18
05-08-2021,2139,1636,16920,14
06-08-2021,2031,1641,17289,21
07-08-2021,2137,1337,18073,16
08-08-2021,1550,2137,17481,5
09-08-2021,1336,1682,17121,14
10-08-2021,1841,1480,17466,16
11-08-2021,2414,2177,17684,19
12-08-2021,2168,1850,17985,17
13-08-2021,1930,1608,18293,14
14-08-2021,1836,1608,18506,15
15-08-2021,1771,2243,18018,16
16-08-2021,1344,2079,17266,17
17-08-2021,2134,2291,17094,15
18-08-2021,1924,2200,16805,13
19-08-2021,1948,2290,16441,22
20-08-2021,1528,2363,15586,20
21-08-2021,1624,2211,14986,13
22-08-2021,1133,2499,13614,6
23-08-2021,1503,2055,13050,12
24-08-2021,2212,1773,13463,26
25-08-2021,2562,1881,14116,28
26-08-2021,2261,2165,14178,34
27-08-2021,2727,2190,14696,19
28-08-2021,2488,2235,14931,18
29-08-2021,2816,2057,15680,9
30-08-2021,1752,2392,15020,20
31-08-2021,2672,2417,15262,13
01-09-2021,2309,2229,15319,23
02-09-2021,2998,2652,15648,17
03-09-2021,2545,2758,15422,13
04-09-2021,2781,2484,15700,19
05-09-2021,2373,2780,15289,4
06-09-2021,1569,2122,14713,23
07-09-2021,2332,1996,15028,21
08-09-2021,2288,2267,15029,19
09-09-2021,1996,2237,14777,11
10-09-2021,2020,1815,14967,15
11-09-2021,1600,1931,14622,14
12-09-2021,1644,1961,14299,6
13-09-2021,1124,2218,13192,13
14-09-2021,1591,1768,12995,20
15-09-2021,1558,1855,12682,16
16-09-2021,1613,1913,12366,16
17-09-2021,1674,1526,12499,14
18-09-2021,1775,1581,12682,11
19-09-2021,1593,1450,12816,9
20-09-2021,1156,1590,12364,18
21-09-2021,1419,1429,12328,26
22-09-2021,1135,1387,12056,20
23-09-2021,1378,1467,11955,12
24-09-2021,1312,1064,12188,15
25-09-2021,1081,711,12543,15
26-09-2021,1008,734,12812,5
27-09-2021,792,941,12658,5
28-09-2021,749,1052,12344,11
29-09-2021,831,834,12325,16
30-09-2021,888,919,12281,13
01-10-2021,683,929,12027,8
02-10-2021,946,959,11997,17
03-10-2021,720,1108,11602,7
04-10-2021,552,920,11216,18
05-10-2021,768,734,11233,17
06-10-2021,634,759,11094,14
07-10-2021,723,732,11071,14
08-10-2021,548,767,10846,6
09-10-2021,631,662,10803,12
10-10-2021,575,750,10622,6
11-10-2021,426,978,10060,10
12-10-2021,592,735,9911,6
13-10-2021,530,958,9475,8
14-10-2021,455,752,9168,10
15-10-2021,359,582,8937,8
16-10-2021,470,790,8612,5
17-10-2021,345,681,8272,4
18-10-2021,327,781,7809,9
19-10-2021,542,595,7749,7
20-10-2021,415,662,7493,9
21-10-2021,439,602,7313,17
22-10-2021,337,437,7174,39
23-10-2021,397,620,6945,6
24-10-2021,352,545,6742,10
25-10-2021,306,326,6707,15
26-10-2021,441,250,6846,52
27-10-2021,393,450,6758,31
28-10-2021,364,358,6718,46
29-10-2021,335,257,6786,10
30-10-2021,382,480,6683,5
31-10-2021,339,423,6583,16
01-11-2021,264,398,6443,6
02-11-2021,345,429,6345,14
03-11-2021,284,331,6285,13
04-11-2021,292,399,6164,14
05-11-2021,234,369,6025,4
06-11-2021,343,300,6059,9
07-11-2021,278,444,5870,23
08-11-2021,193,389,5669,5
09-11-2021,285,358,5586,10
10-11-2021,287,332,5539,2
11-11-2021,335,378,5492,4
12-11-2021,260,337,5414,1
13-11-2021,313,259,5459,9
14-11-2021,287,348,5392,6
15-11-2021,176,284,5273,11
16-11-2021,285,287,5269,2
17-11-2021,249,228,5273,17
18-11-2021,269,340,5196,6
19-11-2021,199,276,5118,1
20-11-2021,205,187,5123,13
21-11-2021,175,283,5002,13
22-11-2021,115,285,4831,1
23-11-2021,238,330,4703,36
24-11-2021,203,264,4620,22
25-11-2021,188,308,4485,15
26-11-2021,208,285,4375,33
27-11-2021,198,178,4372,23
28-11-2021,166,284,4218,36
29-11-2021,174,253,4138,1
30-11-2021,189,264,4061,2
01-12-2021,180,193,4034,14
02-12-2021,104,199,3908,31
03-12-2021,130,169,3819,50
04-12-2021,151,104,3822,44
05-12-2021,141,193,3717,53
06-12-2021,99,187,3611,18
07-12-2021,130,175,3537,29
08-12-2021,108,189,3420,36
09-12-2021,142,184,3358,20
