Date,Confirmed,Recovered,Active,Death
26-03-2020,1,0,1,0
30-03-2020,2,0,3,0
08-04-2020,0,2,1,0
25-04-2020,0,1,0,0
02-05-2020,1,0,1,0
05-05-2020,3,0,4,0
10-05-2020,3,0,7,0
11-05-2020,1,0,8,0
13-05-2020,2,0,10,0
14-05-2020,3,0,13,0
15-05-2020,5,0,18,0
16-05-2020,0,2,16,0
20-05-2020,0,1,15,0
21-05-2020,0,4,11,0
22-05-2020,1,0,12,0
23-05-2020,1,0,13,0
24-05-2020,0,3,9,1
25-05-2020,0,1,8,0
27-05-2020,3,1,10,0
29-05-2020,2,5,7,0
31-05-2020,3,0,10,0
01-06-2020,0,1,9,0
02-06-2020,6,0,15,0
04-06-2020,2,2,15,0
05-06-2020,3,0,18,0
08-06-2020,2,2,18,0
09-06-2020,6,1,23,0
10-06-2020,4,6,21,0
13-06-2020,1,1,21,0
14-06-2020,1,1,21,0
15-06-2020,1,0,22,0
16-06-2020,0,5,17,0
17-06-2020,3,0,20,0
18-06-2020,0,2,18,0
19-06-2020,4,0,22,0
20-06-2020,5,2,25,0
22-06-2020,5,0,30,0
23-06-2020,2,3,29,0
24-06-2020,2,0,31,0
25-06-2020,2,0,33,0
26-06-2020,5,0,38,0
27-06-2020,5,0,43,0
28-06-2020,5,1,47,0
30-06-2020,0,4,43,0
01-07-2020,3,3,43,0
02-07-2020,1,0,44,0
03-07-2020,1,10,35,0
04-07-2020,2,0,37,0
05-07-2020,6,6,37,0
06-07-2020,8,0,45,0
07-07-2020,3,4,44,0
08-07-2020,14,0,58,0
09-07-2020,7,3,62,0
10-07-2020,0,4,58,0
11-07-2020,11,0,69,0
12-07-2020,19,0,88,0
13-07-2020,14,16,86,0
14-07-2020,12,0,98,0
15-07-2020,4,1,101,0
16-07-2020,13,1,113,0
17-07-2020,28,4,137,0
18-07-2020,26,4,159,0
19-07-2020,1,0,160,0
20-07-2020,26,0,186,0
21-07-2020,17,14,189,0
22-07-2020,4,5,188,0
23-07-2020,10,5,193,0
24-07-2020,15,21,187,0
25-07-2020,17,45,159,0
26-07-2020,28,0,187,0
27-07-2020,17,49,155,0
28-07-2020,53,18,190,0
29-07-2020,43,9,224,0
30-07-2020,3,17,210,0
31-07-2020,124,19,315,0
01-08-2020,46,5,356,0
02-08-2020,19,19,356,0
03-08-2020,31,8,379,0
04-08-2020,17,9,387,0
05-08-2020,14,40,361,0
06-08-2020,46,20,387,0
07-08-2020,55,34,408,0
08-08-2020,10,55,363,0
09-08-2020,25,48,340,0
10-08-2020,33,41,331,1
11-08-2020,18,48,301,0
12-08-2020,12,15,298,0
13-08-2020,27,30,295,0
14-08-2020,57,33,319,0
15-08-2020,48,20,347,0
16-08-2020,49,61,335,0
17-08-2020,15,13,337,0
18-08-2020,47,46,337,1
19-08-2020,17,12,342,0
20-08-2020,35,24,353,0
21-08-2020,26,44,335,0
22-08-2020,25,52,308,0
23-08-2020,10,39,279,0
24-08-2020,20,25,274,0
25-08-2020,37,32,278,1
26-08-2020,30,32,276,0
27-08-2020,25,44,257,0
28-08-2020,19,7,269,0
29-08-2020,21,38,251,1
30-08-2020,13,22,242,0
31-08-2020,25,28,239,0
01-09-2020,8,24,223,0
02-09-2020,38,26,235,0
03-09-2020,18,17,236,0
04-09-2020,84,28,292,0
05-09-2020,20,29,283,0
06-09-2020,40,30,293,0
07-09-2020,4,20,277,0
08-09-2020,24,25,276,0
09-09-2020,77,25,328,0
10-09-2020,95,10,413,0
11-09-2020,52,15,450,0
12-09-2020,54,31,473,0
13-09-2020,56,33,496,0
14-09-2020,20,76,440,0
15-09-2020,64,32,472,0
16-09-2020,99,12,559,0
17-09-2020,107,79,587,0
18-09-2020,68,79,576,0
19-09-2020,95,31,640,0
20-09-2020,97,53,684,0
21-09-2020,18,46,656,0
22-09-2020,81,61,676,0
23-09-2020,59,27,708,0
24-09-2020,106,105,709,0
25-09-2020,74,79,704,0
26-09-2020,89,94,699,0
27-09-2020,172,117,754,0
28-09-2020,44,63,735,0
29-09-2020,169,53,851,0
30-09-2020,214,51,1014,0
01-10-2020,143,59,1098,0
02-10-2020,108,75,1131,0
03-10-2020,81,92,1120,0
04-10-2020,109,97,1132,0
05-10-2020,31,90,1073,0
06-10-2020,135,102,1106,0
07-10-2020,138,103,1141,0
08-10-2020,131,129,1143,0
09-10-2020,127,152,1118,0
10-10-2020,187,130,1175,0
11-10-2020,148,96,1227,0
12-10-2020,35,103,1159,0
13-10-2020,110,122,1147,0
14-10-2020,84,66,1165,0
15-10-2020,143,119,1189,0
16-10-2020,158,155,1192,0
17-10-2020,121,144,1169,0
18-10-2020,144,122,1191,0
19-10-2020,51,128,1114,0
20-10-2020,87,113,1088,0
21-10-2020,132,92,1128,0
22-10-2020,71,120,1079,0
23-10-2020,146,113,1112,0
24-10-2020,79,126,1065,0
25-10-2020,87,133,1019,0
26-10-2020,28,107,936,4
27-10-2020,103,111,928,0
28-10-2020,188,137,978,1
29-10-2020,93,99,971,1
30-10-2020,90,109,951,1
31-10-2020,145,88,1007,1
01-11-2020,86,132,961,0
02-11-2020,46,72,935,0
03-11-2020,118,83,969,1
04-11-2020,151,87,1033,0
05-11-2020,114,79,1067,1
06-11-2020,167,134,1099,1
07-11-2020,113,106,1106,0
08-11-2020,105,105,1105,1
09-11-2020,50,104,1049,2
10-11-2020,112,135,1026,0
11-11-2020,159,83,1102,0
12-11-2020,100,83,1119,0
13-11-2020,106,160,1065,0
14-11-2020,171,109,1127,0
15-11-2020,101,126,1101,1
16-11-2020,37,67,1070,1
17-11-2020,97,117,1050,0
18-11-2020,158,76,1132,0
19-11-2020,114,118,1128,0
20-11-2020,135,151,1112,0
21-11-2020,152,79,1185,0
22-11-2020,153,121,1217,0
23-11-2020,39,82,1173,1
24-11-2020,103,111,1165,0
25-11-2020,239,71,1333,0
26-11-2020,151,129,1355,0
27-11-2020,105,93,1367,0
28-11-2020,251,145,1473,0
29-11-2020,147,140,1479,1
30-11-2020,90,116,1453,0
01-12-2020,150,138,1464,1
02-12-2020,275,108,1631,0
03-12-2020,238,97,1771,1
04-12-2020,180,139,1810,2
05-12-2020,258,148,1919,1
06-12-2020,213,80,2051,0
07-12-2020,63,150,1964,0
08-12-2020,284,125,2122,1
09-12-2020,241,111,2252,0
10-12-2020,114,115,2251,0
11-12-2020,87,149,2188,1
12-12-2020,283,320,2148,3
13-12-2020,234,201,2180,1
14-12-2020,61,154,2086,1
15-12-2020,281,162,2204,1
16-12-2020,361,155,2409,1
17-12-2020,140,209,2340,0
18-12-2020,219,192,2365,2
19-12-2020,239,157,2446,1
20-12-2020,206,164,2487,1
21-12-2020,65,120,2431,1
22-12-2020,202,195,2435,3
23-12-2020,260,152,2542,1
24-12-2020,165,179,2527,1
25-12-2020,259,196,2590,0
26-12-2020,68,109,2549,0
27-12-2020,231,162,2617,1
28-12-2020,160,72,2705,0
29-12-2020,208,223,2690,0
30-12-2020,267,217,2740,0
31-12-2020,165,298,2606,1
01-01-2021,174,214,2566,0
02-01-2021,204,178,2591,1
03-01-2021,148,127,2612,0
04-01-2021,79,151,2540,0
05-01-2021,175,171,2541,3
06-01-2021,210,110,2640,1
07-01-2021,244,256,2628,0
08-01-2021,238,126,2740,0
09-01-2021,213,139,2814,0
10-01-2021,173,228,2759,0
11-01-2021,76,34,2801,0
12-01-2021,207,110,2897,1
14-01-2021,229,171,2955,0
13-01-2021,248,179,3022,2
15-01-2021,241,208,3055,0
16-01-2021,238,180,3112,1
17-01-2021,226,179,3158,1
18-01-2021,68,55,3170,1
19-01-2021,245,196,3217,2
20-01-2021,322,192,3347,0
21-01-2021,238,235,3350,0
22-01-2021,255,163,3442,0
23-01-2021,290,142,3588,2
24-01-2021,292,177,3702,1
25-01-2021,67,63,3705,1
26-01-2021,245,264,3686,0
27-01-2021,241,69,3858,0
28-01-2021,193,224,3826,1
29-01-2021,173,206,3793,0
30-01-2021,187,237,3742,1
31-01-2021,153,287,3607,1
01-02-2021,84,126,3564,1
02-02-2021,218,545,3237,0
03-02-2021,190,49,3378,0
04-02-2021,114,206,3286,0
05-02-2021,163,354,3095,0
06-02-2021,179,340,2933,1
07-02-2021,212,263,2880,2
08-02-2021,71,181,2770,0
09-02-2021,74,266,2577,1
10-02-2021,201,315,2462,1
11-02-2021,180,308,2334,0
12-02-2021,127,198,2262,0
13-02-2021,161,237,2186,0
14-02-2021,145,217,2113,1
15-02-2021,70,104,2078,1
16-02-2021,135,150,2063,0
17-02-2021,144,173,2032,2
18-02-2021,133,178,1987,0
19-02-2021,115,142,1959,1
20-02-2021,143,151,1950,0
21-02-2021,83,122,1909,1
22-02-2021,52,142,1818,1
23-02-2021,131,168,1780,1
24-02-2021,121,86,1813,2
25-02-2021,93,117,1789,0
26-02-2021,159,114,1834,0
27-02-2021,82,96,1820,0
28-02-2021,99,134,1785,0
01-03-2021,62,27,1820,0
02-03-2021,57,102,1775,0
03-03-2021,83,128,1730,0
04-03-2021,89,97,1722,0
05-03-2021,67,117,1672,0
06-03-2021,61,87,1644,2
07-03-2021,47,71,1619,1
08-03-2021,31,104,1546,0
09-03-2021,64,112,1498,0
10-03-2021,63,248,1313,0
11-03-2021,35,77,1271,0
12-03-2021,41,106,1206,0
13-03-2021,53,69,1190,0
14-03-2021,40,59,1171,0
15-03-2021,20,118,1072,1
16-03-2021,49,35,1086,0
17-03-2021,59,100,1044,1
18-03-2021,24,75,993,0
19-03-2021,52,56,989,0
20-03-2021,45,43,991,0
21-03-2021,38,53,976,0
22-03-2021,24,18,982,0
23-03-2021,59,48,993,0
24-03-2021,70,79,984,0
25-03-2021,43,43,984,0
26-03-2021,40,32,991,1
27-03-2021,58,35,1013,1
28-03-2021,64,35,1042,0
29-03-2021,31,29,1044,0
30-03-2021,78,38,1083,1
31-03-2021,55,24,1114,0
01-04-2021,66,48,1132,0
02-04-2021,69,44,1157,0
03-04-2021,77,34,1200,0
04-04-2021,59,78,1180,1
05-04-2021,39,42,1177,0
06-04-2021,118,53,1242,0
07-04-2021,82,48,1276,0
08-04-2021,176,37,1414,0
09-04-2021,152,60,1505,1
10-04-2021,191,71,1625,0
11-04-2021,200,34,1791,0
12-04-2021,133,17,1907,0
13-04-2021,199,63,2043,0
14-04-2021,273,66,2250,0
15-04-2021,166,30,2386,0
16-04-2021,348,79,2655,0
17-04-2021,484,100,3039,0
18-04-2021,605,86,3558,0
19-04-2021,388,75,3871,0
20-04-2021,590,133,4327,1
21-04-2021,538,89,4774,1
22-04-2021,614,83,5305,0
23-04-2021,812,219,5898,0
24-04-2021,873,127,6641,3
25-04-2021,659,199,7101,0
26-04-2021,500,117,7484,0
27-04-2021,968,233,8219,0
28-04-2021,732,278,8673,0
29-04-2021,909,305,9274,3
30-04-2021,743,249,9767,1
01-05-2021,814,328,10253,0
02-05-2021,769,188,10834,0
03-05-2021,325,151,11005,3
04-05-2021,959,250,11713,1
05-05-2021,890,300,12302,1
06-05-2021,1056,182,13174,1
07-05-2021,1173,277,14069,1
08-05-2021,1196,591,14671,3
09-05-2021,655,187,15134,3
10-05-2021,328,383,15079,0
11-05-2021,892,645,15326,0
12-05-2021,701,446,15581,0
13-05-2021,787,490,15878,0
14-05-2021,482,644,15716,0
15-05-2021,702,458,15951,9
16-05-2021,590,495,16039,7
17-05-2021,211,6907,9343,0
18-05-2021,631,1309,8664,1
19-05-2021,497,947,8211,3
20-05-2021,517,823,7903,2
21-05-2021,392,560,7733,2
22-05-2021,499,487,7740,5
23-05-2021,486,449,7773,4
24-05-2021,158,84,7846,1
25-05-2021,411,572,7683,2
26-05-2021,373,372,7681,3
27-05-2021,315,378,7618,0
28-05-2021,264,2444,5438,0
29-05-2021,244,839,4843,0
30-05-2021,249,213,4873,6
31-05-2021,170,440,4603,0
01-06-2021,281,228,4655,1
02-06-2021,307,397,4564,1
03-06-2021,234,487,4301,10
04-06-2021,272,55,4516,2
05-06-2021,241,405,4349,3
06-06-2021,198,302,4243,2
07-06-2021,128,306,4065,0
08-06-2021,272,297,4038,2
09-06-2021,310,246,4101,1
10-06-2021,194,278,4014,3
11-06-2021,191,152,4053,0
12-06-2021,266,285,4034,0
13-06-2021,147,307,3872,2
14-06-2021,104,228,3747,1
15-06-2021,184,209,3719,3
16-06-2021,228,244,3703,0
17-06-2021,259,383,3577,2
18-06-2021,206,166,3614,3
19-06-2021,222,239,3590,6
20-06-2021,179,272,3497,0
21-06-2021,114,201,3410,0
22-06-2021,266,235,3441,0
23-06-2021,311,335,3415,2
24-06-2021,352,245,3522,0
25-06-2021,203,94,3628,3
26-06-2021,230,177,3678,2
27-06-2021,246,229,3692,3
28-06-2021,175,263,3601,2
29-06-2021,268,193,3673,3
30-06-2021,372,235,3810,0
01-07-2021,266,194,3875,7
02-07-2021,300,114,4060,1
03-07-2021,328,274,4112,2
04-07-2021,276,300,4084,4
05-07-2021,138,314,3907,1
06-07-2021,362,231,4038,0
07-07-2021,453,219,4271,1
08-07-2021,459,209,4518,2
09-07-2021,335,128,4721,4
10-07-2021,330,249,4800,2
11-07-2021,397,332,4863,1
12-07-2021,137,282,4716,2
13-07-2021,436,239,4910,3
14-07-2021,433,292,5049,2
15-07-2021,325,344,5029,1
16-07-2021,345,164,5207,3
17-07-2021,494,420,5281,0
18-07-2021,473,352,5401,1
19-07-2021,247,426,5220,2
20-07-2021,450,299,5370,1
21-07-2021,475,335,5510,0
22-07-2021,282,416,5373,3
23-07-2021,363,135,5598,3
24-07-2021,526,387,5737,0
25-07-2021,383,423,5697,0
26-07-2021,221,304,5608,6
27-07-2021,583,325,5861,5
28-07-2021,685,441,6100,5
29-07-2021,693,463,6330,0
30-07-2021,564,239,6654,1
31-07-2021,530,407,6777,0
01-08-2021,666,493,6950,0
02-08-2021,263,237,6974,2
03-08-2021,787,394,7367,0
04-08-2021,696,534,7528,1
05-08-2021,676,387,7815,2
06-08-2021,548,239,8121,3
07-08-2021,660,546,8232,3
08-08-2021,551,726,8057,0
09-08-2021,291,690,7654,4
10-08-2021,723,480,7897,0
11-08-2021,564,522,7938,1
12-08-2021,720,661,7994,3
13-08-2021,547,280,8260,1
14-08-2021,603,772,8090,1
15-08-2021,497,658,7921,8
16-08-2021,202,703,7419,1
17-08-2021,619,504,7531,3
18-08-2021,559,676,7411,3
19-08-2021,729,594,7542,4
20-08-2021,524,292,7771,3
21-08-2021,648,709,7710,0
22-08-2021,265,542,7433,0
23-08-2021,378,706,7103,2
24-08-2021,879,663,7313,6
25-08-2021,962,647,7623,5
26-08-2021,1161,470,8313,1
27-08-2021,961,220,9051,3
28-08-2021,1224,649,9626,0
29-08-2021,1002,667,9954,7
30-08-2021,423,680,9695,2
31-08-2021,1044,526,10210,3
01-09-2021,1151,643,10711,7
02-09-2021,1012,400,11322,1
03-09-2021,1003,256,12068,1
04-09-2021,923,888,12098,5
05-09-2021,793,955,11935,1
06-09-2021,694,974,11654,1
07-09-2021,607,914,11345,2
08-09-2021,894,1222,11015,2
09-09-2021,981,969,11025,2
10-09-2021,802,393,11428,6
11-09-2021,849,986,11287,4
12-09-2021,566,1114,10739,0
13-09-2021,445,966,10216,2
14-09-2021,296,960,9550,2
15-09-2021,869,956,9463,0
16-09-2021,740,835,9360,8
17-09-2021,639,663,9336,0
18-09-2021,452,610,9174,4
19-09-2021,443,976,8639,2
20-09-2021,510,942,8205,2
21-09-2021,237,801,7641,0
22-09-2021,738,932,7444,3
23-09-2021,631,594,7479,2
24-09-2021,338,442,7375,0
25-09-2021,661,331,7702,3
26-09-2021,502,968,7235,1
27-09-2021,286,801,6715,5
28-09-2021,230,615,6327,3
29-09-2021,457,458,6326,0
30-09-2021,566,574,6317,1
01-10-2021,339,577,6076,3
02-10-2021,458,280,6250,4
03-10-2021,366,674,5942,0
04-10-2021,105,656,5389,2
05-10-2021,290,276,5400,3
06-10-2021,440,735,5104,1
07-10-2021,337,484,4954,3
08-10-2021,389,285,5052,6
09-10-2021,318,378,4990,2
10-10-2021,263,474,4779,0
11-10-2021,130,539,4370,0
12-10-2021,227,320,4276,1
13-10-2021,387,461,4201,1
14-10-2021,249,411,4039,0
15-10-2021,286,91,4233,1
16-10-2021,217,312,4137,1
17-10-2021,271,420,3987,1
18-10-2021,214,367,3832,2
19-10-2021,185,397,3620,0
20-10-2021,328,309,3637,2
21-10-2021,288,253,3669,3
22-10-2021,310,141,3837,1
23-10-2021,270,231,3853,23
24-10-2021,311,357,3803,4
25-10-2021,194,242,3730,25
26-10-2021,166,239,3654,3
27-10-2021,333,210,3777,0
28-10-2021,294,286,3783,2
29-10-2021,257,195,3845,0
30-10-2021,310,190,3965,0
31-10-2021,269,329,3905,0
01-11-2021,184,269,3804,16
02-11-2021,92,272,3622,2
03-11-2021,331,316,3637,0
04-11-2021,298,310,3621,4
05-11-2021,285,204,3702,0
06-11-2021,220,293,3629,0
07-11-2021,322,212,3737,2
08-11-2021,210,283,3661,3
09-11-2021,118,252,3523,4
10-11-2021,444,291,3676,0
11-11-2021,254,289,3641,0
12-11-2021,247,204,3684,0
13-11-2021,192,56,3820,0
14-11-2021,335,333,3822,0
15-11-2021,168,286,3704,0
16-11-2021,104,273,3501,34
17-11-2021,330,183,3645,3
18-11-2021,289,315,3619,0
19-11-2021,209,191,3636,1
20-11-2021,203,118,3716,5
21-11-2021,228,451,3492,1
22-11-2021,119,253,3356,2
23-11-2021,212,262,3296,10
24-11-2021,209,179,3324,2
25-11-2021,275,329,3270,0
26-11-2021,202,182,3290,0
27-11-2021,131,105,3311,5
28-11-2021,167,335,3143,0
29-11-2021,82,268,2954,3
30-11-2021,206,201,2959,0
01-12-2021,220,199,2978,2
02-12-2021,176,227,2927,0
03-12-2021,158,123,2958,4
04-12-2021,135,207,2867,19
05-12-2021,128,185,2809,1
06-12-2021,62,266,2602,3
07-12-2021,168,186,2584,0
08-12-2021,203,136,2651,0
09-12-2021,98,182,2565,2
